----------------------------------------------------------------------------------------------------------------------------------------------------------------------------------------------------------------------------------------------------------------------------------------------------------------------------------------------------
AREA PAT 01 PAT 02 PAT 03 PAT 04 PAT 05 PAT 06 PAT 07 PAT 08 PAT 09 PAT 10 PAT 11 PAT 12 PAT 13 PAT 14 PAT 15 PAT 16 PAT 17 PAT 18 PAT 19 PAT 20 PAT 21 PAT 22 PAT 23 PAT 24 PAT 25 PAT 26 PAT 27 PAT 28 PAT 29 PAT 30 PAT 31 PAT 32 PAT 33 PAT 34 PAT 35 PAT 36 PAT 37 PAT 38 PAT 39 PAT 40 PAT 41 PAT 42 PAT 43 PAT 44 PAT 45 PAT 46 PAT 47 PAT 48
----------------------------------------------------------------------------------------------------------------------------------------------------------------------------------------------------------------------------------------------------------------------------------------------------------------------------------------------------
   1 100.00 100.00 100.00 100.00 100.00 100.00 100.00 100.00 100.00 100.00 100.00 100.00 100.00 100.00 100.00 100.00 100.00 100.00 100.00 100.00 100.00 100.00 100.00 100.00 100.00 100.00 100.00 100.00 100.00 100.00 100.00 100.00 100.00 100.00 100.00 100.00 100.00 100.00 100.00 100.00 100.00 100.00 100.00 100.00 100.00 100.00 100.00 100.00
   2 100.00 100.00 100.00 100.00 100.00 100.00 100.00 100.00 100.00 100.00 100.00 100.00 100.00 100.00 100.00 100.00 100.00 100.00 100.00 100.00 100.00 100.00 100.00 100.00 100.00 100.00 100.00 100.00 100.00 100.00 100.00 100.00 100.00 100.00 100.00 100.00 100.00 100.00 100.00 100.00 100.00 100.00 100.00 100.00 100.00 100.00 100.00 100.00
   3 109.04 103.34  99.46  96.56  93.94  93.06  92.09  91.74  92.70  95.04  98.76 104.64 117.50 129.23  63.40  67.68  71.09  71.97  70.95  69.94  69.54  69.02  68.83  64.25  59.17  57.15  60.35  63.51  65.37  66.73  68.29  70.56  73.55  77.15  81.93  84.76  91.09  93.35  92.78  91.74  88.89  87.15  85.20  81.44  74.05  70.79  65.52  62.36
   4 109.04 103.34  99.46  96.56  93.94  93.06  92.09  91.74  92.70  95.04  98.76 104.64 117.50 129.23  63.40  67.68  71.09  71.97  70.95  69.94  69.54  69.02  68.83  64.25  59.17  57.15  60.35  63.51  65.37  66.73  68.29  70.56  73.55  77.15  81.93  84.76  91.09  93.35  92.78  91.74  88.89  87.15  85.20  81.44  74.05  70.79  65.52  62.36
   5 100.00 100.00 100.00 100.00 100.00 100.00 100.00 100.00 100.00 100.00 100.00 100.00 100.00 100.00 100.00 100.00 100.00 100.00 100.00 100.00 100.00 100.00 100.00 100.00 100.00 100.00 100.00 100.00 100.00 100.00 100.00 100.00 100.00 100.00 100.00 100.00 100.00 100.00 100.00 100.00 100.00 100.00 100.00 100.00 100.00 100.00 100.00 100.00
   6 100.00 100.00 100.00 100.00 100.00 100.00 100.00 100.00 100.00 100.00 100.00 100.00 100.00 100.00 100.00 100.00 100.00 100.00 100.00 100.00 100.00 100.00 100.00 100.00 100.00 100.00 100.00 100.00 100.00 100.00 100.00 100.00 100.00 100.00 100.00 100.00 100.00 100.00 100.00 100.00 100.00 100.00 100.00 100.00 100.00 100.00 100.00 100.00
   7 100.00 100.00 100.00 100.00 100.00 100.00 100.00 100.00 100.00 100.00 100.00 100.00 100.00 100.00 100.00 100.00 100.00 100.00 100.00 100.00 100.00 100.00 100.00 100.00 100.00 100.00 100.00 100.00 100.00 100.00 100.00 100.00 100.00 100.00 100.00 100.00 100.00 100.00 100.00 100.00 100.00 100.00 100.00 100.00 100.00 100.00 100.00 100.00
   8 100.00 100.00 100.00 100.00 100.00 100.00 100.00 100.00 100.00 100.00 100.00 100.00 100.00 100.00 100.00 100.00 100.00 100.00 100.00 100.00 100.00 100.00 100.00 100.00 100.00 100.00 100.00 100.00 100.00 100.00 100.00 100.00 100.00 100.00 100.00 100.00 100.00 100.00 100.00 100.00 100.00 100.00 100.00 100.00 100.00 100.00 100.00 100.00
   9 105.09 101.89 100.14  99.60  98.53  98.70  99.18  99.61 101.89 104.11 110.73 117.99 128.84 137.70  82.35  84.59  86.92  86.64  86.03  86.30  86.87  88.69  89.45  87.33  80.39  77.57  80.63  83.99  85.60  86.91  88.14  89.61  91.85  93.63  91.65  95.74  98.78  96.74  94.76  92.92  91.02  89.41  86.73  85.00  84.49  81.04  75.60  72.02
  10 100.00 100.00 100.00 100.00 100.00 100.00 100.00 100.00 100.00 100.00 100.00 100.00 100.00 100.00 100.00 100.00 100.00 100.00 100.00 100.00 100.00 100.00 100.00 100.00 100.00 100.00 100.00 100.00 100.00 100.00 100.00 100.00 100.00 100.00 100.00 100.00 100.00 100.00 100.00 100.00 100.00 100.00 100.00 100.00 100.00 100.00 100.00 100.00
  11 100.00 100.00 100.00 100.00 100.00 100.00 100.00 100.00 100.00 100.00 100.00 100.00 100.00 100.00 100.00 100.00 100.00 100.00 100.00 100.00 100.00 100.00 100.00 100.00 100.00 100.00 100.00 100.00 100.00 100.00 100.00 100.00 100.00 100.00 100.00 100.00 100.00 100.00 100.00 100.00 100.00 100.00 100.00 100.00 100.00 100.00 100.00 100.00
  12 100.00 100.00 100.00 100.00 100.00 100.00 100.00 100.00 100.00 100.00 100.00 100.00 100.00 100.00 100.00 100.00 100.00 100.00 100.00 100.00 100.00 100.00 100.00 100.00 100.00 100.00 100.00 100.00 100.00 100.00 100.00 100.00 100.00 100.00 100.00 100.00 100.00 100.00 100.00 100.00 100.00 100.00 100.00 100.00 100.00 100.00 100.00 100.00
  13 105.96 102.97 100.64 101.30 100.13  99.90  99.49 102.05 101.04  98.89  99.30  97.79  93.48  90.49  67.25  66.79  66.71  64.84  64.18  63.70  63.29  62.96  63.68  63.24  60.27  58.11  60.24  64.26  68.00  71.70  75.02  77.09  79.69  80.43  90.43  92.07  95.64  95.31  92.08  88.93  85.33  82.75  91.30 104.80  95.39  94.27  92.31  89.63
  14 100.00 100.00 100.00 100.00 100.00 100.00 100.00 100.00 100.00 100.00 100.00 100.00 100.00 100.00 100.00 100.00 100.00 100.00 100.00 100.00 100.00 100.00 100.00 100.00 100.00 100.00 100.00 100.00 100.00 100.00 100.00 100.00 100.00 100.00 100.00 100.00 100.00 100.00 100.00 100.00 100.00 100.00 100.00 100.00 100.00 100.00 100.00 100.00
  15 100.00 100.00 100.00 100.00 100.00 100.00 100.00 100.00 100.00 100.00 100.00 100.00 100.00 100.00 100.00 100.00 100.00 100.00 100.00 100.00 100.00 100.00 100.00 100.00 100.00 100.00 100.00 100.00 100.00 100.00 100.00 100.00 100.00 100.00 100.00 100.00 100.00 100.00 100.00 100.00 100.00 100.00 100.00 100.00 100.00 100.00 100.00 100.00
  16 100.00 100.00 100.00 100.00 100.00 100.00 100.00 100.00 100.00 100.00 100.00 100.00 100.00 100.00 100.00 100.00 100.00 100.00 100.00 100.00 100.00 100.00 100.00 100.00 100.00 100.00 100.00 100.00 100.00 100.00 100.00 100.00 100.00 100.00 100.00 100.00 100.00 100.00 100.00 100.00 100.00 100.00 100.00 100.00 100.00 100.00 100.00 100.00
  17 132.53 130.04 128.46 127.13 125.48 124.31 123.64 123.49 123.11 123.79 126.08 127.20 125.28 125.97  80.83  84.08  85.54  86.43  86.81  87.62  87.98  88.03  89.68  91.52  89.56  88.37  88.40  90.10  92.14  93.50  94.90  96.44  97.93  99.18 106.51 112.74 110.85 109.57 107.74 106.08 102.61 102.14 106.87 107.71  98.67  96.85  94.07  92.00
  18 132.53 130.04 128.46 127.13 125.48 124.31 123.64 123.49 123.11 123.79 126.08 127.20 125.28 125.97  80.83  84.08  85.54  86.43  86.81  87.62  87.98  88.03  89.68  91.52  89.56  88.37  88.40  90.10  92.14  93.50  94.90  96.44  97.93  99.18 106.51 112.74 110.85 109.57 107.74 106.08 102.61 102.14 106.87 107.71  98.67  96.85  94.07  92.00
  19 100.00 100.00 100.00 100.00 100.00 100.00 100.00 100.00 100.00 100.00 100.00 100.00 100.00 100.00 100.00 100.00 100.00 100.00 100.00 100.00 100.00 100.00 100.00 100.00 100.00 100.00 100.00 100.00 100.00 100.00 100.00 100.00 100.00 100.00 100.00 100.00 100.00 100.00 100.00 100.00 100.00 100.00 100.00 100.00 100.00 100.00 100.00 100.00
  20 100.00 100.00 100.00 100.00 100.00 100.00 100.00 100.00 100.00 100.00 100.00 100.00 100.00 100.00 100.00 100.00 100.00 100.00 100.00 100.00 100.00 100.00 100.00 100.00 100.00 100.00 100.00 100.00 100.00 100.00 100.00 100.00 100.00 100.00 100.00 100.00 100.00 100.00 100.00 100.00 100.00 100.00 100.00 100.00 100.00 100.00 100.00 100.00
  21 100.00 100.00 100.00 100.00 100.00 100.00 100.00 100.00 100.00 100.00 100.00 100.00 100.00 100.00 100.00 100.00 100.00 100.00 100.00 100.00 100.00 100.00 100.00 100.00 100.00 100.00 100.00 100.00 100.00 100.00 100.00 100.00 100.00 100.00 100.00 100.00 100.00 100.00 100.00 100.00 100.00 100.00 100.00 100.00 100.00 100.00 100.00 100.00
  22 100.00 100.00 100.00 100.00 100.00 100.00 100.00 100.00 100.00 100.00 100.00 100.00 100.00 100.00 100.00 100.00 100.00 100.00 100.00 100.00 100.00 100.00 100.00 100.00 100.00 100.00 100.00 100.00 100.00 100.00 100.00 100.00 100.00 100.00 100.00 100.00 100.00 100.00 100.00 100.00 100.00 100.00 100.00 100.00 100.00 100.00 100.00 100.00
  23 117.12 116.51 114.62 113.63 112.54 111.37 111.27 110.90 110.79 110.75 110.88 105.81 105.21 106.88  76.63  79.01  81.80  83.73  84.08  84.36  85.33  85.12  85.36  85.57  85.10  85.24  86.73  88.94  90.90  91.67  92.98  92.87  93.13  91.90  93.24  98.06  99.67  99.36  98.30  97.70  97.19  98.20  99.30  99.14  94.72  94.14  92.71  91.36
  24 100.00 100.00 100.00 100.00 100.00 100.00 100.00 100.00 100.00 100.00 100.00 100.00 100.00 100.00 100.00 100.00 100.00 100.00 100.00 100.00 100.00 100.00 100.00 100.00 100.00 100.00 100.00 100.00 100.00 100.00 100.00 100.00 100.00 100.00 100.00 100.00 100.00 100.00 100.00 100.00 100.00 100.00 100.00 100.00 100.00 100.00 100.00 100.00
  25 100.00 100.00 100.00 100.00 100.00 100.00 100.00 100.00 100.00 100.00 100.00 100.00 100.00 100.00 100.00 100.00 100.00 100.00 100.00 100.00 100.00 100.00 100.00 100.00 100.00 100.00 100.00 100.00 100.00 100.00 100.00 100.00 100.00 100.00 100.00 100.00 100.00 100.00 100.00 100.00 100.00 100.00 100.00 100.00 100.00 100.00 100.00 100.00
  26 100.00 100.00 100.00 100.00 100.00 100.00 100.00 100.00 100.00 100.00 100.00 100.00 100.00 100.00 100.00 100.00 100.00 100.00 100.00 100.00 100.00 100.00 100.00 100.00 100.00 100.00 100.00 100.00 100.00 100.00 100.00 100.00 100.00 100.00 100.00 100.00 100.00 100.00 100.00 100.00 100.00 100.00 100.00 100.00 100.00 100.00 100.00 100.00
  27 140.27 137.63 134.37 132.84 130.80 129.56 129.09 128.12 129.00 126.69 125.61 120.56 120.11 122.43  82.43  84.88  87.31  88.62  88.54  87.74  89.56  90.38  88.63  88.15  88.10  89.74  91.41  94.65  96.83  98.90 100.59 101.86 102.24 101.05 108.64 112.46 114.44 114.39 114.00 113.57 114.32 114.47 114.85 113.20 102.71 101.71 101.52 100.02
  28 100.00 100.00 100.00 100.00 100.00 100.00 100.00 100.00 100.00 100.00 100.00 100.00 100.00 100.00 100.00 100.00 100.00 100.00 100.00 100.00 100.00 100.00 100.00 100.00 100.00 100.00 100.00 100.00 100.00 100.00 100.00 100.00 100.00 100.00 100.00 100.00 100.00 100.00 100.00 100.00 100.00 100.00 100.00 100.00 100.00 100.00 100.00 100.00
  29 100.00 100.00 100.00 100.00 100.00 100.00 100.00 100.00 100.00 100.00 100.00 100.00 100.00 100.00 100.00 100.00 100.00 100.00 100.00 100.00 100.00 100.00 100.00 100.00 100.00 100.00 100.00 100.00 100.00 100.00 100.00 100.00 100.00 100.00 100.00 100.00 100.00 100.00 100.00 100.00 100.00 100.00 100.00 100.00 100.00 100.00 100.00 100.00
  30 100.00 100.00 100.00 100.00 100.00 100.00 100.00 100.00 100.00 100.00 100.00 100.00 100.00 100.00 100.00 100.00 100.00 100.00 100.00 100.00 100.00 100.00 100.00 100.00 100.00 100.00 100.00 100.00 100.00 100.00 100.00 100.00 100.00 100.00 100.00 100.00 100.00 100.00 100.00 100.00 100.00 100.00 100.00 100.00 100.00 100.00 100.00 100.00
  31 109.36 108.38 107.27 106.13 105.62 105.25 105.04 103.86 103.60 102.99 102.69  97.06  92.50  90.49  60.14  61.09  60.53  60.28  59.71  59.73  60.11  60.06  59.48  58.51  58.37  59.85  63.90  67.56  70.10  72.02  73.58  75.81  78.30  79.79  82.83  83.26  87.77  88.52  88.15  87.16  86.99  87.79  89.07  90.42  84.82  84.32  82.97  81.93
  32 100.00 100.00 100.00 100.00 100.00 100.00 100.00 100.00 100.00 100.00 100.00 100.00 100.00 100.00 100.00 100.00 100.00 100.00 100.00 100.00 100.00 100.00 100.00 100.00 100.00 100.00 100.00 100.00 100.00 100.00 100.00 100.00 100.00 100.00 100.00 100.00 100.00 100.00 100.00 100.00 100.00 100.00 100.00 100.00 100.00 100.00 100.00 100.00
  33 100.00 100.00 100.00 100.00 100.00 100.00 100.00 100.00 100.00 100.00 100.00 100.00 100.00 100.00 100.00 100.00 100.00 100.00 100.00 100.00 100.00 100.00 100.00 100.00 100.00 100.00 100.00 100.00 100.00 100.00 100.00 100.00 100.00 100.00 100.00 100.00 100.00 100.00 100.00 100.00 100.00 100.00 100.00 100.00 100.00 100.00 100.00 100.00
  34 100.00 100.00 100.00 100.00 100.00 100.00 100.00 100.00 100.00 100.00 100.00 100.00 100.00 100.00 100.00 100.00 100.00 100.00 100.00 100.00 100.00 100.00 100.00 100.00 100.00 100.00 100.00 100.00 100.00 100.00 100.00 100.00 100.00 100.00 100.00 100.00 100.00 100.00 100.00 100.00 100.00 100.00 100.00 100.00 100.00 100.00 100.00 100.00
  35 157.59 156.64 152.54 148.86 145.58 141.61 139.39 136.90 136.84 134.75 131.48 129.34 119.55 114.62  68.27  66.27  65.43  64.62  61.83  63.10  63.92  64.16  63.64  63.18  62.56  64.01  67.39  70.86  73.82  76.74  79.46  81.62  81.82  83.57  83.91  83.94  90.81  93.32  93.56  94.69  94.37  94.97  95.53  95.83  96.77  96.10  95.80  94.44
  36   0.00   0.00   0.00   0.00   0.00   0.00   0.00   0.00   0.00   0.00   0.00   0.00   0.00   0.00   0.00   0.00   0.00   0.00   0.00   0.00   0.00   0.00   0.00   0.00   0.00   0.00   0.00   0.00   0.00   0.00   0.00   0.00   0.00   0.00   0.00   0.00   0.00   0.00   0.00   0.00   0.00   0.00   0.00   0.00   0.00   0.00   0.00   0.00
  37   0.00   0.00   0.00   0.00   0.00   0.00   0.00   0.00   0.00   0.00   0.00   0.00   0.00   0.00   0.00   0.00   0.00   0.00   0.00   0.00   0.00   0.00   0.00   0.00   0.00   0.00   0.00   0.00   0.00   0.00   0.00   0.00   0.00   0.00   0.00   0.00   0.00   0.00   0.00   0.00   0.00   0.00   0.00   0.00   0.00   0.00   0.00   0.00
  38   0.00   0.00   0.00   0.00   0.00   0.00   0.00   0.00   0.00   0.00   0.00   0.00   0.00   0.00   0.00   0.00   0.00   0.00   0.00   0.00   0.00   0.00   0.00   0.00   0.00   0.00   0.00   0.00   0.00   0.00   0.00   0.00   0.00   0.00   0.00   0.00   0.00   0.00   0.00   0.00   0.00   0.00   0.00   0.00   0.00   0.00   0.00   0.00
  39   0.00   0.00   0.00   0.00   0.00   0.00   0.00   0.00   0.00   0.00   0.00   0.00   0.00   0.00   0.00   0.00   0.00   0.00   0.00   0.00   0.00   0.00   0.00   0.00   0.00   0.00   0.00   0.00   0.00   0.00   0.00   0.00   0.00   0.00   0.00   0.00   0.00   0.00   0.00   0.00   0.00   0.00   0.00   0.00   0.00   0.00   0.00   0.00
  40   0.00   0.00   0.00   0.00   0.00   0.00   0.00   0.00   0.00   0.00   0.00   0.00   0.00   0.00   0.00   0.00   0.00   0.00   0.00   0.00   0.00   0.00   0.00   0.00   0.00   0.00   0.00   0.00   0.00   0.00   0.00   0.00   0.00   0.00   0.00   0.00   0.00   0.00   0.00   0.00   0.00   0.00   0.00   0.00   0.00   0.00   0.00   0.00
  41   0.00   0.00   0.00   0.00   0.00   0.00   0.00   0.00   0.00   0.00   0.00   0.00   0.00   0.00   0.00   0.00   0.00   0.00   0.00   0.00   0.00   0.00   0.00   0.00   0.00   0.00   0.00   0.00   0.00   0.00   0.00   0.00   0.00   0.00   0.00   0.00   0.00   0.00   0.00   0.00   0.00   0.00   0.00   0.00   0.00   0.00   0.00   0.00
  42   0.00   0.00   0.00   0.00   0.00   0.00   0.00   0.00   0.00   0.00   0.00   0.00   0.00   0.00   0.00   0.00   0.00   0.00   0.00   0.00   0.00   0.00   0.00   0.00   0.00   0.00   0.00   0.00   0.00   0.00   0.00   0.00   0.00   0.00   0.00   0.00   0.00   0.00   0.00   0.00   0.00   0.00   0.00   0.00   0.00   0.00   0.00   0.00
  43   0.00   0.00   0.00   0.00   0.00   0.00   0.00   0.00   0.00   0.00   0.00   0.00   0.00   0.00   0.00   0.00   0.00   0.00   0.00   0.00   0.00   0.00   0.00   0.00   0.00   0.00   0.00   0.00   0.00   0.00   0.00   0.00   0.00   0.00   0.00   0.00   0.00   0.00   0.00   0.00   0.00   0.00   0.00   0.00   0.00   0.00   0.00   0.00
  44   0.00   0.00   0.00   0.00   0.00   0.00   0.00   0.00   0.00   0.00   0.00   0.00   0.00   0.00   0.00   0.00   0.00   0.00   0.00   0.00   0.00   0.00   0.00   0.00   0.00   0.00   0.00   0.00   0.00   0.00   0.00   0.00   0.00   0.00   0.00   0.00   0.00   0.00   0.00   0.00   0.00   0.00   0.00   0.00   0.00   0.00   0.00   0.00
  45   0.00   0.00   0.00   0.00   0.00   0.00   0.00   0.00   0.00   0.00   0.00   0.00   0.00   0.00   0.00   0.00   0.00   0.00   0.00   0.00   0.00   0.00   0.00   0.00   0.00   0.00   0.00   0.00   0.00   0.00   0.00   0.00   0.00   0.00   0.00   0.00   0.00   0.00   0.00   0.00   0.00   0.00   0.00   0.00   0.00   0.00   0.00   0.00
  46   0.00   0.00   0.00   0.00   0.00   0.00   0.00   0.00   0.00   0.00   0.00   0.00   0.00   0.00   0.00   0.00   0.00   0.00   0.00   0.00   0.00   0.00   0.00   0.00   0.00   0.00   0.00   0.00   0.00   0.00   0.00   0.00   0.00   0.00   0.00   0.00   0.00   0.00   0.00   0.00   0.00   0.00   0.00   0.00   0.00   0.00   0.00   0.00
  47   0.00   0.00   0.00   0.00   0.00   0.00   0.00   0.00   0.00   0.00   0.00   0.00   0.00   0.00   0.00   0.00   0.00   0.00   0.00   0.00   0.00   0.00   0.00   0.00   0.00   0.00   0.00   0.00   0.00   0.00   0.00   0.00   0.00   0.00   0.00   0.00   0.00   0.00   0.00   0.00   0.00   0.00   0.00   0.00   0.00   0.00   0.00   0.00
  48   0.00   0.00   0.00   0.00   0.00   0.00   0.00   0.00   0.00   0.00   0.00   0.00   0.00   0.00   0.00   0.00   0.00   0.00   0.00   0.00   0.00   0.00   0.00   0.00   0.00   0.00   0.00   0.00   0.00   0.00   0.00   0.00   0.00   0.00   0.00   0.00   0.00   0.00   0.00   0.00   0.00   0.00   0.00   0.00   0.00   0.00   0.00   0.00
  49   0.00   0.00   0.00   0.00   0.00   0.00   0.00   0.00   0.00   0.00   0.00   0.00   0.00   0.00   0.00   0.00   0.00   0.00   0.00   0.00   0.00   0.00   0.00   0.00   0.00   0.00   0.00   0.00   0.00   0.00   0.00   0.00   0.00   0.00   0.00   0.00   0.00   0.00   0.00   0.00   0.00   0.00   0.00   0.00   0.00   0.00   0.00   0.00
  50   0.00   0.00   0.00   0.00   0.00   0.00   0.00   0.00   0.00   0.00   0.00   0.00   0.00   0.00   0.00   0.00   0.00   0.00   0.00   0.00   0.00   0.00   0.00   0.00   0.00   0.00   0.00   0.00   0.00   0.00   0.00   0.00   0.00   0.00   0.00   0.00   0.00   0.00   0.00   0.00   0.00   0.00   0.00   0.00   0.00   0.00   0.00   0.00
  51   0.00   0.00   0.00   0.00   0.00   0.00   0.00   0.00   0.00   0.00   0.00   0.00   0.00   0.00   0.00   0.00   0.00   0.00   0.00   0.00   0.00   0.00   0.00   0.00   0.00   0.00   0.00   0.00   0.00   0.00   0.00   0.00   0.00   0.00   0.00   0.00   0.00   0.00   0.00   0.00   0.00   0.00   0.00   0.00   0.00   0.00   0.00   0.00
  52   0.00   0.00   0.00   0.00   0.00   0.00   0.00   0.00   0.00   0.00   0.00   0.00   0.00   0.00   0.00   0.00   0.00   0.00   0.00   0.00   0.00   0.00   0.00   0.00   0.00   0.00   0.00   0.00   0.00   0.00   0.00   0.00   0.00   0.00   0.00   0.00   0.00   0.00   0.00   0.00   0.00   0.00   0.00   0.00   0.00   0.00   0.00   0.00
  53   0.00   0.00   0.00   0.00   0.00   0.00   0.00   0.00   0.00   0.00   0.00   0.00   0.00   0.00   0.00   0.00   0.00   0.00   0.00   0.00   0.00   0.00   0.00   0.00   0.00   0.00   0.00   0.00   0.00   0.00   0.00   0.00   0.00   0.00   0.00   0.00   0.00   0.00   0.00   0.00   0.00   0.00   0.00   0.00   0.00   0.00   0.00   0.00
  54   0.00   0.00   0.00   0.00   0.00   0.00   0.00   0.00   0.00   0.00   0.00   0.00   0.00   0.00   0.00   0.00   0.00   0.00   0.00   0.00   0.00   0.00   0.00   0.00   0.00   0.00   0.00   0.00   0.00   0.00   0.00   0.00   0.00   0.00   0.00   0.00   0.00   0.00   0.00   0.00   0.00   0.00   0.00   0.00   0.00   0.00   0.00   0.00
  55   0.00   0.00   0.00   0.00   0.00   0.00   0.00   0.00   0.00   0.00   0.00   0.00   0.00   0.00   0.00   0.00   0.00   0.00   0.00   0.00   0.00   0.00   0.00   0.00   0.00   0.00   0.00   0.00   0.00   0.00   0.00   0.00   0.00   0.00   0.00   0.00   0.00   0.00   0.00   0.00   0.00   0.00   0.00   0.00   0.00   0.00   0.00   0.00
  56   0.00   0.00   0.00   0.00   0.00   0.00   0.00   0.00   0.00   0.00   0.00   0.00   0.00   0.00   0.00   0.00   0.00   0.00   0.00   0.00   0.00   0.00   0.00   0.00   0.00   0.00   0.00   0.00   0.00   0.00   0.00   0.00   0.00   0.00   0.00   0.00   0.00   0.00   0.00   0.00   0.00   0.00   0.00   0.00   0.00   0.00   0.00   0.00
  57   0.00   0.00   0.00   0.00   0.00   0.00   0.00   0.00   0.00   0.00   0.00   0.00   0.00   0.00   0.00   0.00   0.00   0.00   0.00   0.00   0.00   0.00   0.00   0.00   0.00   0.00   0.00   0.00   0.00   0.00   0.00   0.00   0.00   0.00   0.00   0.00   0.00   0.00   0.00   0.00   0.00   0.00   0.00   0.00   0.00   0.00   0.00   0.00
  58   0.00   0.00   0.00   0.00   0.00   0.00   0.00   0.00   0.00   0.00   0.00   0.00   0.00   0.00   0.00   0.00   0.00   0.00   0.00   0.00   0.00   0.00   0.00   0.00   0.00   0.00   0.00   0.00   0.00   0.00   0.00   0.00   0.00   0.00   0.00   0.00   0.00   0.00   0.00   0.00   0.00   0.00   0.00   0.00   0.00   0.00   0.00   0.00
  59   0.00   0.00   0.00   0.00   0.00   0.00   0.00   0.00   0.00   0.00   0.00   0.00   0.00   0.00   0.00   0.00   0.00   0.00   0.00   0.00   0.00   0.00   0.00   0.00   0.00   0.00   0.00   0.00   0.00   0.00   0.00   0.00   0.00   0.00   0.00   0.00   0.00   0.00   0.00   0.00   0.00   0.00   0.00   0.00   0.00   0.00   0.00   0.00
  60   0.00   0.00   0.00   0.00   0.00   0.00   0.00   0.00   0.00   0.00   0.00   0.00   0.00   0.00   0.00   0.00   0.00   0.00   0.00   0.00   0.00   0.00   0.00   0.00   0.00   0.00   0.00   0.00   0.00   0.00   0.00   0.00   0.00   0.00   0.00   0.00   0.00   0.00   0.00   0.00   0.00   0.00   0.00   0.00   0.00   0.00   0.00   0.00
  61   0.00   0.00   0.00   0.00   0.00   0.00   0.00   0.00   0.00   0.00   0.00   0.00   0.00   0.00   0.00   0.00   0.00   0.00   0.00   0.00   0.00   0.00   0.00   0.00   0.00   0.00   0.00   0.00   0.00   0.00   0.00   0.00   0.00   0.00   0.00   0.00   0.00   0.00   0.00   0.00   0.00   0.00   0.00   0.00   0.00   0.00   0.00   0.00
  62   0.00   0.00   0.00   0.00   0.00   0.00   0.00   0.00   0.00   0.00   0.00   0.00   0.00   0.00   0.00   0.00   0.00   0.00   0.00   0.00   0.00   0.00   0.00   0.00   0.00   0.00   0.00   0.00   0.00   0.00   0.00   0.00   0.00   0.00   0.00   0.00   0.00   0.00   0.00   0.00   0.00   0.00   0.00   0.00   0.00   0.00   0.00   0.00
  63   0.00   0.00   0.00   0.00   0.00   0.00   0.00   0.00   0.00   0.00   0.00   0.00   0.00   0.00   0.00   0.00   0.00   0.00   0.00   0.00   0.00   0.00   0.00   0.00   0.00   0.00   0.00   0.00   0.00   0.00   0.00   0.00   0.00   0.00   0.00   0.00   0.00   0.00   0.00   0.00   0.00   0.00   0.00   0.00   0.00   0.00   0.00   0.00
  64   0.00   0.00   0.00   0.00   0.00   0.00   0.00   0.00   0.00   0.00   0.00   0.00   0.00   0.00   0.00   0.00   0.00   0.00   0.00   0.00   0.00   0.00   0.00   0.00   0.00   0.00   0.00   0.00   0.00   0.00   0.00   0.00   0.00   0.00   0.00   0.00   0.00   0.00   0.00   0.00   0.00   0.00   0.00   0.00   0.00   0.00   0.00   0.00
  65   0.00   0.00   0.00   0.00   0.00   0.00   0.00   0.00   0.00   0.00   0.00   0.00   0.00   0.00   0.00   0.00   0.00   0.00   0.00   0.00   0.00   0.00   0.00   0.00   0.00   0.00   0.00   0.00   0.00   0.00   0.00   0.00   0.00   0.00   0.00   0.00   0.00   0.00   0.00   0.00   0.00   0.00   0.00   0.00   0.00   0.00   0.00   0.00
  66   0.00   0.00   0.00   0.00   0.00   0.00   0.00   0.00   0.00   0.00   0.00   0.00   0.00   0.00   0.00   0.00   0.00   0.00   0.00   0.00   0.00   0.00   0.00   0.00   0.00   0.00   0.00   0.00   0.00   0.00   0.00   0.00   0.00   0.00   0.00   0.00   0.00   0.00   0.00   0.00   0.00   0.00   0.00   0.00   0.00   0.00   0.00   0.00
  67   0.00   0.00   0.00   0.00   0.00   0.00   0.00   0.00   0.00   0.00   0.00   0.00   0.00   0.00   0.00   0.00   0.00   0.00   0.00   0.00   0.00   0.00   0.00   0.00   0.00   0.00   0.00   0.00   0.00   0.00   0.00   0.00   0.00   0.00   0.00   0.00   0.00   0.00   0.00   0.00   0.00   0.00   0.00   0.00   0.00   0.00   0.00   0.00
  68   0.00   0.00   0.00   0.00   0.00   0.00   0.00   0.00   0.00   0.00   0.00   0.00   0.00   0.00   0.00   0.00   0.00   0.00   0.00   0.00   0.00   0.00   0.00   0.00   0.00   0.00   0.00   0.00   0.00   0.00   0.00   0.00   0.00   0.00   0.00   0.00   0.00   0.00   0.00   0.00   0.00   0.00   0.00   0.00   0.00   0.00   0.00   0.00
  69   0.00   0.00   0.00   0.00   0.00   0.00   0.00   0.00   0.00   0.00   0.00   0.00   0.00   0.00   0.00   0.00   0.00   0.00   0.00   0.00   0.00   0.00   0.00   0.00   0.00   0.00   0.00   0.00   0.00   0.00   0.00   0.00   0.00   0.00   0.00   0.00   0.00   0.00   0.00   0.00   0.00   0.00   0.00   0.00   0.00   0.00   0.00   0.00
  70   0.00   0.00   0.00   0.00   0.00   0.00   0.00   0.00   0.00   0.00   0.00   0.00   0.00   0.00   0.00   0.00   0.00   0.00   0.00   0.00   0.00   0.00   0.00   0.00   0.00   0.00   0.00   0.00   0.00   0.00   0.00   0.00   0.00   0.00   0.00   0.00   0.00   0.00   0.00   0.00   0.00   0.00   0.00   0.00   0.00   0.00   0.00   0.00
  71   0.00   0.00   0.00   0.00   0.00   0.00   0.00   0.00   0.00   0.00   0.00   0.00   0.00   0.00   0.00   0.00   0.00   0.00   0.00   0.00   0.00   0.00   0.00   0.00   0.00   0.00   0.00   0.00   0.00   0.00   0.00   0.00   0.00   0.00   0.00   0.00   0.00   0.00   0.00   0.00   0.00   0.00   0.00   0.00   0.00   0.00   0.00   0.00
  72   0.00   0.00   0.00   0.00   0.00   0.00   0.00   0.00   0.00   0.00   0.00   0.00   0.00   0.00   0.00   0.00   0.00   0.00   0.00   0.00   0.00   0.00   0.00   0.00   0.00   0.00   0.00   0.00   0.00   0.00   0.00   0.00   0.00   0.00   0.00   0.00   0.00   0.00   0.00   0.00   0.00   0.00   0.00   0.00   0.00   0.00   0.00   0.00
  73   0.00   0.00   0.00   0.00   0.00   0.00   0.00   0.00   0.00   0.00   0.00   0.00   0.00   0.00   0.00   0.00   0.00   0.00   0.00   0.00   0.00   0.00   0.00   0.00   0.00   0.00   0.00   0.00   0.00   0.00   0.00   0.00   0.00   0.00   0.00   0.00   0.00   0.00   0.00   0.00   0.00   0.00   0.00   0.00   0.00   0.00   0.00   0.00
  74   0.00   0.00   0.00   0.00   0.00   0.00   0.00   0.00   0.00   0.00   0.00   0.00   0.00   0.00   0.00   0.00   0.00   0.00   0.00   0.00   0.00   0.00   0.00   0.00   0.00   0.00   0.00   0.00   0.00   0.00   0.00   0.00   0.00   0.00   0.00   0.00   0.00   0.00   0.00   0.00   0.00   0.00   0.00   0.00   0.00   0.00   0.00   0.00
  75   0.00   0.00   0.00   0.00   0.00   0.00   0.00   0.00   0.00   0.00   0.00   0.00   0.00   0.00   0.00   0.00   0.00   0.00   0.00   0.00   0.00   0.00   0.00   0.00   0.00   0.00   0.00   0.00   0.00   0.00   0.00   0.00   0.00   0.00   0.00   0.00   0.00   0.00   0.00   0.00   0.00   0.00   0.00   0.00   0.00   0.00   0.00   0.00
  76   0.00   0.00   0.00   0.00   0.00   0.00   0.00   0.00   0.00   0.00   0.00   0.00   0.00   0.00   0.00   0.00   0.00   0.00   0.00   0.00   0.00   0.00   0.00   0.00   0.00   0.00   0.00   0.00   0.00   0.00   0.00   0.00   0.00   0.00   0.00   0.00   0.00   0.00   0.00   0.00   0.00   0.00   0.00   0.00   0.00   0.00   0.00   0.00
  77   0.00   0.00   0.00   0.00   0.00   0.00   0.00   0.00   0.00   0.00   0.00   0.00   0.00   0.00   0.00   0.00   0.00   0.00   0.00   0.00   0.00   0.00   0.00   0.00   0.00   0.00   0.00   0.00   0.00   0.00   0.00   0.00   0.00   0.00   0.00   0.00   0.00   0.00   0.00   0.00   0.00   0.00   0.00   0.00   0.00   0.00   0.00   0.00
  78   0.00   0.00   0.00   0.00   0.00   0.00   0.00   0.00   0.00   0.00   0.00   0.00   0.00   0.00   0.00   0.00   0.00   0.00   0.00   0.00   0.00   0.00   0.00   0.00   0.00   0.00   0.00   0.00   0.00   0.00   0.00   0.00   0.00   0.00   0.00   0.00   0.00   0.00   0.00   0.00   0.00   0.00   0.00   0.00   0.00   0.00   0.00   0.00
  79   0.00   0.00   0.00   0.00   0.00   0.00   0.00   0.00   0.00   0.00   0.00   0.00   0.00   0.00   0.00   0.00   0.00   0.00   0.00   0.00   0.00   0.00   0.00   0.00   0.00   0.00   0.00   0.00   0.00   0.00   0.00   0.00   0.00   0.00   0.00   0.00   0.00   0.00   0.00   0.00   0.00   0.00   0.00   0.00   0.00   0.00   0.00   0.00
  80   0.00   0.00   0.00   0.00   0.00   0.00   0.00   0.00   0.00   0.00   0.00   0.00   0.00   0.00   0.00   0.00   0.00   0.00   0.00   0.00   0.00   0.00   0.00   0.00   0.00   0.00   0.00   0.00   0.00   0.00   0.00   0.00   0.00   0.00   0.00   0.00   0.00   0.00   0.00   0.00   0.00   0.00   0.00   0.00   0.00   0.00   0.00   0.00
  81   0.00   0.00   0.00   0.00   0.00   0.00   0.00   0.00   0.00   0.00   0.00   0.00   0.00   0.00   0.00   0.00   0.00   0.00   0.00   0.00   0.00   0.00   0.00   0.00   0.00   0.00   0.00   0.00   0.00   0.00   0.00   0.00   0.00   0.00   0.00   0.00   0.00   0.00   0.00   0.00   0.00   0.00   0.00   0.00   0.00   0.00   0.00   0.00
  82   0.00   0.00   0.00   0.00   0.00   0.00   0.00   0.00   0.00   0.00   0.00   0.00   0.00   0.00   0.00   0.00   0.00   0.00   0.00   0.00   0.00   0.00   0.00   0.00   0.00   0.00   0.00   0.00   0.00   0.00   0.00   0.00   0.00   0.00   0.00   0.00   0.00   0.00   0.00   0.00   0.00   0.00   0.00   0.00   0.00   0.00   0.00   0.00
  83   0.00   0.00   0.00   0.00   0.00   0.00   0.00   0.00   0.00   0.00   0.00   0.00   0.00   0.00   0.00   0.00   0.00   0.00   0.00   0.00   0.00   0.00   0.00   0.00   0.00   0.00   0.00   0.00   0.00   0.00   0.00   0.00   0.00   0.00   0.00   0.00   0.00   0.00   0.00   0.00   0.00   0.00   0.00   0.00   0.00   0.00   0.00   0.00
  84   0.00   0.00   0.00   0.00   0.00   0.00   0.00   0.00   0.00   0.00   0.00   0.00   0.00   0.00   0.00   0.00   0.00   0.00   0.00   0.00   0.00   0.00   0.00   0.00   0.00   0.00   0.00   0.00   0.00   0.00   0.00   0.00   0.00   0.00   0.00   0.00   0.00   0.00   0.00   0.00   0.00   0.00   0.00   0.00   0.00   0.00   0.00   0.00
  85   0.00   0.00   0.00   0.00   0.00   0.00   0.00   0.00   0.00   0.00   0.00   0.00   0.00   0.00   0.00   0.00   0.00   0.00   0.00   0.00   0.00   0.00   0.00   0.00   0.00   0.00   0.00   0.00   0.00   0.00   0.00   0.00   0.00   0.00   0.00   0.00   0.00   0.00   0.00   0.00   0.00   0.00   0.00   0.00   0.00   0.00   0.00   0.00
  86   0.00   0.00   0.00   0.00   0.00   0.00   0.00   0.00   0.00   0.00   0.00   0.00   0.00   0.00   0.00   0.00   0.00   0.00   0.00   0.00   0.00   0.00   0.00   0.00   0.00   0.00   0.00   0.00   0.00   0.00   0.00   0.00   0.00   0.00   0.00   0.00   0.00   0.00   0.00   0.00   0.00   0.00   0.00   0.00   0.00   0.00   0.00   0.00
  87   0.00   0.00   0.00   0.00   0.00   0.00   0.00   0.00   0.00   0.00   0.00   0.00   0.00   0.00   0.00   0.00   0.00   0.00   0.00   0.00   0.00   0.00   0.00   0.00   0.00   0.00   0.00   0.00   0.00   0.00   0.00   0.00   0.00   0.00   0.00   0.00   0.00   0.00   0.00   0.00   0.00   0.00   0.00   0.00   0.00   0.00   0.00   0.00
  88   0.00   0.00   0.00   0.00   0.00   0.00   0.00   0.00   0.00   0.00   0.00   0.00   0.00   0.00   0.00   0.00   0.00   0.00   0.00   0.00   0.00   0.00   0.00   0.00   0.00   0.00   0.00   0.00   0.00   0.00   0.00   0.00   0.00   0.00   0.00   0.00   0.00   0.00   0.00   0.00   0.00   0.00   0.00   0.00   0.00   0.00   0.00   0.00
  89   0.00   0.00   0.00   0.00   0.00   0.00   0.00   0.00   0.00   0.00   0.00   0.00   0.00   0.00   0.00   0.00   0.00   0.00   0.00   0.00   0.00   0.00   0.00   0.00   0.00   0.00   0.00   0.00   0.00   0.00   0.00   0.00   0.00   0.00   0.00   0.00   0.00   0.00   0.00   0.00   0.00   0.00   0.00   0.00   0.00   0.00   0.00   0.00
  90   0.00   0.00   0.00   0.00   0.00   0.00   0.00   0.00   0.00   0.00   0.00   0.00   0.00   0.00   0.00   0.00   0.00   0.00   0.00   0.00   0.00   0.00   0.00   0.00   0.00   0.00   0.00   0.00   0.00   0.00   0.00   0.00   0.00   0.00   0.00   0.00   0.00   0.00   0.00   0.00   0.00   0.00   0.00   0.00   0.00   0.00   0.00   0.00
  91   0.00   0.00   0.00   0.00   0.00   0.00   0.00   0.00   0.00   0.00   0.00   0.00   0.00   0.00   0.00   0.00   0.00   0.00   0.00   0.00   0.00   0.00   0.00   0.00   0.00   0.00   0.00   0.00   0.00   0.00   0.00   0.00   0.00   0.00   0.00   0.00   0.00   0.00   0.00   0.00   0.00   0.00   0.00   0.00   0.00   0.00   0.00   0.00
  92   0.00   0.00   0.00   0.00   0.00   0.00   0.00   0.00   0.00   0.00   0.00   0.00   0.00   0.00   0.00   0.00   0.00   0.00   0.00   0.00   0.00   0.00   0.00   0.00   0.00   0.00   0.00   0.00   0.00   0.00   0.00   0.00   0.00   0.00   0.00   0.00   0.00   0.00   0.00   0.00   0.00   0.00   0.00   0.00   0.00   0.00   0.00   0.00
  93   0.00   0.00   0.00   0.00   0.00   0.00   0.00   0.00   0.00   0.00   0.00   0.00   0.00   0.00   0.00   0.00   0.00   0.00   0.00   0.00   0.00   0.00   0.00   0.00   0.00   0.00   0.00   0.00   0.00   0.00   0.00   0.00   0.00   0.00   0.00   0.00   0.00   0.00   0.00   0.00   0.00   0.00   0.00   0.00   0.00   0.00   0.00   0.00
  94   0.00   0.00   0.00   0.00   0.00   0.00   0.00   0.00   0.00   0.00   0.00   0.00   0.00   0.00   0.00   0.00   0.00   0.00   0.00   0.00   0.00   0.00   0.00   0.00   0.00   0.00   0.00   0.00   0.00   0.00   0.00   0.00   0.00   0.00   0.00   0.00   0.00   0.00   0.00   0.00   0.00   0.00   0.00   0.00   0.00   0.00   0.00   0.00
  95   0.00   0.00   0.00   0.00   0.00   0.00   0.00   0.00   0.00   0.00   0.00   0.00   0.00   0.00   0.00   0.00   0.00   0.00   0.00   0.00   0.00   0.00   0.00   0.00   0.00   0.00   0.00   0.00   0.00   0.00   0.00   0.00   0.00   0.00   0.00   0.00   0.00   0.00   0.00   0.00   0.00   0.00   0.00   0.00   0.00   0.00   0.00   0.00
  96   0.00   0.00   0.00   0.00   0.00   0.00   0.00   0.00   0.00   0.00   0.00   0.00   0.00   0.00   0.00   0.00   0.00   0.00   0.00   0.00   0.00   0.00   0.00   0.00   0.00   0.00   0.00   0.00   0.00   0.00   0.00   0.00   0.00   0.00   0.00   0.00   0.00   0.00   0.00   0.00   0.00   0.00   0.00   0.00   0.00   0.00   0.00   0.00
  97   0.00   0.00   0.00   0.00   0.00   0.00   0.00   0.00   0.00   0.00   0.00   0.00   0.00   0.00   0.00   0.00   0.00   0.00   0.00   0.00   0.00   0.00   0.00   0.00   0.00   0.00   0.00   0.00   0.00   0.00   0.00   0.00   0.00   0.00   0.00   0.00   0.00   0.00   0.00   0.00   0.00   0.00   0.00   0.00   0.00   0.00   0.00   0.00
  98   0.00   0.00   0.00   0.00   0.00   0.00   0.00   0.00   0.00   0.00   0.00   0.00   0.00   0.00   0.00   0.00   0.00   0.00   0.00   0.00   0.00   0.00   0.00   0.00   0.00   0.00   0.00   0.00   0.00   0.00   0.00   0.00   0.00   0.00   0.00   0.00   0.00   0.00   0.00   0.00   0.00   0.00   0.00   0.00   0.00   0.00   0.00   0.00
  99   0.00   0.00   0.00   0.00   0.00   0.00   0.00   0.00   0.00   0.00   0.00   0.00   0.00   0.00   0.00   0.00   0.00   0.00   0.00   0.00   0.00   0.00   0.00   0.00   0.00   0.00   0.00   0.00   0.00   0.00   0.00   0.00   0.00   0.00   0.00   0.00   0.00   0.00   0.00   0.00   0.00   0.00   0.00   0.00   0.00   0.00   0.00   0.00
 100   0.00   0.00   0.00   0.00   0.00   0.00   0.00   0.00   0.00   0.00   0.00   0.00   0.00   0.00   0.00   0.00   0.00   0.00   0.00   0.00   0.00   0.00   0.00   0.00   0.00   0.00   0.00   0.00   0.00   0.00   0.00   0.00   0.00   0.00   0.00   0.00   0.00   0.00   0.00   0.00   0.00   0.00   0.00   0.00   0.00   0.00   0.00   0.00
 101 100.00 100.00 100.00 100.00 100.00 100.00 100.00 100.00 100.00 100.00 100.00 100.00 100.00 100.00 100.00 100.00 100.00 100.00 100.00 100.00 100.00 100.00 100.00 100.00 100.00 100.00 100.00 100.00 100.00 100.00 100.00 100.00 100.00 100.00 100.00 100.00 100.00 100.00 100.00 100.00 100.00 100.00 100.00 100.00 100.00 100.00 100.00 100.00
 102 100.00 100.00 100.00 100.00 100.00 100.00 100.00 100.00 100.00 100.00 100.00 100.00 100.00 100.00 100.00 100.00 100.00 100.00 100.00 100.00 100.00 100.00 100.00 100.00 100.00 100.00 100.00 100.00 100.00 100.00 100.00 100.00 100.00 100.00 100.00 100.00 100.00 100.00 100.00 100.00 100.00 100.00 100.00 100.00 100.00 100.00 100.00 100.00
 103  98.10  94.59  93.03  90.88  89.70  88.72  88.93  89.59  90.13  91.59  95.28  99.51 109.05 115.07  71.01  73.53  75.90  76.10  75.07  74.86  74.69  75.54  75.29  73.10  69.20  67.67  71.61  75.16  77.91  79.93  80.69  84.39  86.91  89.25  89.78  90.71  94.60  97.74  95.88  93.58  90.39  88.16  88.72  86.66  83.44  80.64  75.70  72.86
 104 100.00 100.00 100.00 100.00 100.00 100.00 100.00 100.00 100.00 100.00 100.00 100.00 100.00 100.00 100.00 100.00 100.00 100.00 100.00 100.00 100.00 100.00 100.00 100.00 100.00 100.00 100.00 100.00 100.00 100.00 100.00 100.00 100.00 100.00 100.00 100.00 100.00 100.00 100.00 100.00 100.00 100.00 100.00 100.00 100.00 100.00 100.00 100.00
 105 100.00 100.00 100.00 100.00 100.00 100.00 100.00 100.00 100.00 100.00 100.00 100.00 100.00 100.00 100.00 100.00 100.00 100.00 100.00 100.00 100.00 100.00 100.00 100.00 100.00 100.00 100.00 100.00 100.00 100.00 100.00 100.00 100.00 100.00 100.00 100.00 100.00 100.00 100.00 100.00 100.00 100.00 100.00 100.00 100.00 100.00 100.00 100.00
 106   0.00   0.00   0.00   0.00   0.00   0.00   0.00   0.00   0.00   0.00   0.00   0.00   0.00   0.00   0.00   0.00   0.00   0.00   0.00   0.00   0.00   0.00   0.00   0.00   0.00   0.00   0.00   0.00   0.00   0.00   0.00   0.00   0.00   0.00   0.00   0.00   0.00   0.00   0.00   0.00   0.00   0.00   0.00   0.00   0.00   0.00   0.00   0.00
 107   0.00   0.00   0.00   0.00   0.00   0.00   0.00   0.00   0.00   0.00   0.00   0.00   0.00   0.00   0.00   0.00   0.00   0.00   0.00   0.00   0.00   0.00   0.00   0.00   0.00   0.00   0.00   0.00   0.00   0.00   0.00   0.00   0.00   0.00   0.00   0.00   0.00   0.00   0.00   0.00   0.00   0.00   0.00   0.00   0.00   0.00   0.00   0.00
 108   0.00   0.00   0.00   0.00   0.00   0.00   0.00   0.00   0.00   0.00   0.00   0.00   0.00   0.00   0.00   0.00   0.00   0.00   0.00   0.00   0.00   0.00   0.00   0.00   0.00   0.00   0.00   0.00   0.00   0.00   0.00   0.00   0.00   0.00   0.00   0.00   0.00   0.00   0.00   0.00   0.00   0.00   0.00   0.00   0.00   0.00   0.00   0.00
 109   0.00   0.00   0.00   0.00   0.00   0.00   0.00   0.00   0.00   0.00   0.00   0.00   0.00   0.00   0.00   0.00   0.00   0.00   0.00   0.00   0.00   0.00   0.00   0.00   0.00   0.00   0.00   0.00   0.00   0.00   0.00   0.00   0.00   0.00   0.00   0.00   0.00   0.00   0.00   0.00   0.00   0.00   0.00   0.00   0.00   0.00   0.00   0.00
 110   0.00   0.00   0.00   0.00   0.00   0.00   0.00   0.00   0.00   0.00   0.00   0.00   0.00   0.00   0.00   0.00   0.00   0.00   0.00   0.00   0.00   0.00   0.00   0.00   0.00   0.00   0.00   0.00   0.00   0.00   0.00   0.00   0.00   0.00   0.00   0.00   0.00   0.00   0.00   0.00   0.00   0.00   0.00   0.00   0.00   0.00   0.00   0.00
 111   0.00   0.00   0.00   0.00   0.00   0.00   0.00   0.00   0.00   0.00   0.00   0.00   0.00   0.00   0.00   0.00   0.00   0.00   0.00   0.00   0.00   0.00   0.00   0.00   0.00   0.00   0.00   0.00   0.00   0.00   0.00   0.00   0.00   0.00   0.00   0.00   0.00   0.00   0.00   0.00   0.00   0.00   0.00   0.00   0.00   0.00   0.00   0.00
 112   0.00   0.00   0.00   0.00   0.00   0.00   0.00   0.00   0.00   0.00   0.00   0.00   0.00   0.00   0.00   0.00   0.00   0.00   0.00   0.00   0.00   0.00   0.00   0.00   0.00   0.00   0.00   0.00   0.00   0.00   0.00   0.00   0.00   0.00   0.00   0.00   0.00   0.00   0.00   0.00   0.00   0.00   0.00   0.00   0.00   0.00   0.00   0.00
 113   0.00   0.00   0.00   0.00   0.00   0.00   0.00   0.00   0.00   0.00   0.00   0.00   0.00   0.00   0.00   0.00   0.00   0.00   0.00   0.00   0.00   0.00   0.00   0.00   0.00   0.00   0.00   0.00   0.00   0.00   0.00   0.00   0.00   0.00   0.00   0.00   0.00   0.00   0.00   0.00   0.00   0.00   0.00   0.00   0.00   0.00   0.00   0.00
 114   0.00   0.00   0.00   0.00   0.00   0.00   0.00   0.00   0.00   0.00   0.00   0.00   0.00   0.00   0.00   0.00   0.00   0.00   0.00   0.00   0.00   0.00   0.00   0.00   0.00   0.00   0.00   0.00   0.00   0.00   0.00   0.00   0.00   0.00   0.00   0.00   0.00   0.00   0.00   0.00   0.00   0.00   0.00   0.00   0.00   0.00   0.00   0.00
 115   0.00   0.00   0.00   0.00   0.00   0.00   0.00   0.00   0.00   0.00   0.00   0.00   0.00   0.00   0.00   0.00   0.00   0.00   0.00   0.00   0.00   0.00   0.00   0.00   0.00   0.00   0.00   0.00   0.00   0.00   0.00   0.00   0.00   0.00   0.00   0.00   0.00   0.00   0.00   0.00   0.00   0.00   0.00   0.00   0.00   0.00   0.00   0.00
 116   0.00   0.00   0.00   0.00   0.00   0.00   0.00   0.00   0.00   0.00   0.00   0.00   0.00   0.00   0.00   0.00   0.00   0.00   0.00   0.00   0.00   0.00   0.00   0.00   0.00   0.00   0.00   0.00   0.00   0.00   0.00   0.00   0.00   0.00   0.00   0.00   0.00   0.00   0.00   0.00   0.00   0.00   0.00   0.00   0.00   0.00   0.00   0.00
 117 100.00 100.00 100.00 100.00 100.00 100.00 100.00 100.00 100.00 100.00 100.00 100.00 100.00 100.00 100.00 100.00 100.00 100.00 100.00 100.00 100.00 100.00 100.00 100.00 100.00 100.00 100.00 100.00 100.00 100.00 100.00 100.00 100.00 100.00 100.00 100.00 100.00 100.00 100.00 100.00 100.00 100.00 100.00 100.00 100.00 100.00 100.00 100.00
 118 100.00 100.00 100.00 100.00 100.00 100.00 100.00 100.00 100.00 100.00 100.00 100.00 100.00 100.00 100.00 100.00 100.00 100.00 100.00 100.00 100.00 100.00 100.00 100.00 100.00 100.00 100.00 100.00 100.00 100.00 100.00 100.00 100.00 100.00 100.00 100.00 100.00 100.00 100.00 100.00 100.00 100.00 100.00 100.00 100.00 100.00 100.00 100.00
 119  80.85  80.14  77.96  75.39  74.01  73.01  72.29  71.62  72.85  73.01  72.04  73.97  78.40  80.26  51.55  50.95  50.79  49.95  49.66  48.91  46.92  46.35  46.45  46.12  44.76  45.09  45.63  46.86  50.34  54.06  57.37  60.12  63.06  67.17  72.98  74.08  74.95  77.57  77.44  76.07  74.22  72.08  71.01  71.81  68.48  67.28  64.93  62.52
 120  80.85  80.14  77.96  75.39  74.01  73.01  72.29  71.62  72.85  73.01  72.04  73.97  78.40  80.26  51.55  50.95  50.79  49.95  49.66  48.91  46.92  46.35  46.45  46.12  44.76  45.09  45.63  46.86  50.34  54.06  57.37  60.12  63.06  67.17  72.98  74.08  74.95  77.57  77.44  76.07  74.22  72.08  71.01  71.81  68.48  67.28  64.93  62.52
 121  80.85  80.14  77.96  75.39  74.01  73.01  72.29  71.62  72.85  73.01  72.04  73.97  78.40  80.26  51.55  50.95  50.79  49.95  49.66  48.91  46.92  46.35  46.45  46.12  44.76  45.09  45.63  46.86  50.34  54.06  57.37  60.12  63.06  67.17  72.98  74.08  74.95  77.57  77.44  76.07  74.22  72.08  71.01  71.81  68.48  67.28  64.93  62.52
 122 100.00 100.00 100.00 100.00 100.00 100.00 100.00 100.00 100.00 100.00 100.00 100.00 100.00 100.00 100.00 100.00 100.00 100.00 100.00 100.00 100.00 100.00 100.00 100.00 100.00 100.00 100.00 100.00 100.00 100.00 100.00 100.00 100.00 100.00 100.00 100.00 100.00 100.00 100.00 100.00 100.00 100.00 100.00 100.00 100.00 100.00 100.00 100.00
 123 194.17 192.73 188.59 185.78 181.70 177.63 170.89 166.91 164.33 161.78 159.34 158.32 155.86 153.42  71.24  68.22  66.34  66.98  72.01  77.66  80.84  82.77  84.66  85.27  87.12  88.39  88.45  89.13  90.42  92.34  97.36 101.12 103.67 104.96 103.71 103.90 102.24  99.17  91.59  92.00  93.69  94.87  95.41  95.83  96.89  97.96  97.80  97.66
 124   0.00   0.00   0.00   0.00   0.00   0.00   0.00   0.00   0.00   0.00   0.00   0.00   0.00   0.00   0.00   0.00   0.00   0.00   0.00   0.00   0.00   0.00   0.00   0.00   0.00   0.00   0.00   0.00   0.00   0.00   0.00   0.00   0.00   0.00   0.00   0.00   0.00   0.00   0.00   0.00   0.00   0.00   0.00   0.00   0.00   0.00   0.00   0.00
 125   0.00   0.00   0.00   0.00   0.00   0.00   0.00   0.00   0.00   0.00   0.00   0.00   0.00   0.00   0.00   0.00   0.00   0.00   0.00   0.00   0.00   0.00   0.00   0.00   0.00   0.00   0.00   0.00   0.00   0.00   0.00   0.00   0.00   0.00   0.00   0.00   0.00   0.00   0.00   0.00   0.00   0.00   0.00   0.00   0.00   0.00   0.00   0.00
 126 100.00 100.00 100.00 100.00 100.00 100.00 100.00 100.00 100.00 100.00 100.00 100.00 100.00 100.00 100.00 100.00 100.00 100.00 100.00 100.00 100.00 100.00 100.00 100.00 100.00 100.00 100.00 100.00 100.00 100.00 100.00 100.00 100.00 100.00 100.00 100.00 100.00 100.00 100.00 100.00 100.00 100.00 100.00 100.00 100.00 100.00 100.00 100.00
 127 100.00 100.00 100.00 100.00 100.00 100.00 100.00 100.00 100.00 100.00 100.00 100.00 100.00 100.00 100.00 100.00 100.00 100.00 100.00 100.00 100.00 100.00 100.00 100.00 100.00 100.00 100.00 100.00 100.00 100.00 100.00 100.00 100.00 100.00 100.00 100.00 100.00 100.00 100.00 100.00 100.00 100.00 100.00 100.00 100.00 100.00 100.00 100.00
 128 141.69 138.72 135.53 132.33 129.21 126.10 123.46 121.31 119.44 117.39 115.66 114.66 114.02 114.06  59.56  57.11  59.31  61.89  64.82  66.12  66.29  66.35  66.95  67.51  67.71  66.11  65.36  67.15  71.60  75.37  79.22  81.21  82.88  84.08  96.25  96.30  94.10  90.14  87.75  90.61  91.49  91.96  92.15  92.22  81.30  82.05  82.47  81.99
 129 141.69 138.72 135.53 132.33 129.21 126.10 123.46 121.31 119.44 117.39 115.66 114.66 114.02 114.06  59.56  57.11  59.31  61.89  64.82  66.12  66.29  66.35  66.95  67.51  67.71  66.11  65.36  67.15  71.60  75.37  79.22  81.21  82.88  84.08  96.25  96.30  94.10  90.14  87.75  90.61  91.49  91.96  92.15  92.22  81.30  82.05  82.47  81.99
 130 141.69 138.72 135.53 132.33 129.21 126.10 123.46 121.31 119.44 117.39 115.66 114.66 114.02 114.06  59.56  57.11  59.31  61.89  64.82  66.12  66.29  66.35  66.95  67.51  67.71  66.11  65.36  67.15  71.60  75.37  79.22  81.21  82.88  84.08  96.25  96.30  94.10  90.14  87.75  90.61  91.49  91.96  92.15  92.22  81.30  82.05  82.47  81.99
 131 141.69 138.72 135.53 132.33 129.21 126.10 123.46 121.31 119.44 117.39 115.66 114.66 114.02 114.06  59.56  57.11  59.31  61.89  64.82  66.12  66.29  66.35  66.95  67.51  67.71  66.11  65.36  67.15  71.60  75.37  79.22  81.21  82.88  84.08  96.25  96.30  94.10  90.14  87.75  90.61  91.49  91.96  92.15  92.22  81.30  82.05  82.47  81.99
 132 141.69 138.72 135.53 132.33 129.21 126.10 123.46 121.31 119.44 117.39 115.66 114.66 114.02 114.06  59.56  57.11  59.31  61.89  64.82  66.12  66.29  66.35  66.95  67.51  67.71  66.11  65.36  67.15  71.60  75.37  79.22  81.21  82.88  84.08  96.25  96.30  94.10  90.14  87.75  90.61  91.49  91.96  92.15  92.22  81.30  82.05  82.47  81.99
 133 141.69 138.72 135.53 132.33 129.21 126.10 123.46 121.31 119.44 117.39 115.66 114.66 114.02 114.06  59.56  57.11  59.31  61.89  64.82  66.12  66.29  66.35  66.95  67.51  67.71  66.11  65.36  67.15  71.60  75.37  79.22  81.21  82.88  84.08  96.25  96.30  94.10  90.14  87.75  90.61  91.49  91.96  92.15  92.22  81.30  82.05  82.47  81.99
 134 141.69 138.72 135.53 132.33 129.21 126.10 123.46 121.31 119.44 117.39 115.66 114.66 114.02 114.06  59.56  57.11  59.31  61.89  64.82  66.12  66.29  66.35  66.95  67.51  67.71  66.11  65.36  67.15  71.60  75.37  79.22  81.21  82.88  84.08  96.25  96.30  94.10  90.14  87.75  90.61  91.49  91.96  92.15  92.22  81.30  82.05  82.47  81.99
 135 141.69 138.72 135.53 132.33 129.21 126.10 123.46 121.31 119.44 117.39 115.66 114.66 114.02 114.06  59.56  57.11  59.31  61.89  64.82  66.12  66.29  66.35  66.95  67.51  67.71  66.11  65.36  67.15  71.60  75.37  79.22  81.21  82.88  84.08  96.25  96.30  94.10  90.14  87.75  90.61  91.49  91.96  92.15  92.22  81.30  82.05  82.47  81.99
 136 100.00 100.00 100.00 100.00 100.00 100.00 100.00 100.00 100.00 100.00 100.00 100.00 100.00 100.00 100.00 100.00 100.00 100.00 100.00 100.00 100.00 100.00 100.00 100.00 100.00 100.00 100.00 100.00 100.00 100.00 100.00 100.00 100.00 100.00 100.00 100.00 100.00 100.00 100.00 100.00 100.00 100.00 100.00 100.00 100.00 100.00 100.00 100.00
 137 100.00 100.00 100.00 100.00 100.00 100.00 100.00 100.00 100.00 100.00 100.00 100.00 100.00 100.00 100.00 100.00 100.00 100.00 100.00 100.00 100.00 100.00 100.00 100.00 100.00 100.00 100.00 100.00 100.00 100.00 100.00 100.00 100.00 100.00 100.00 100.00 100.00 100.00 100.00 100.00 100.00 100.00 100.00 100.00 100.00 100.00 100.00 100.00
 138 169.16 167.60 164.86 162.40 159.64 156.79 154.06 151.97 150.72 149.81 148.50 147.75 148.39 148.94  78.53  77.12  77.38  76.93  74.25  73.54  71.66  69.68  68.13  67.38  65.42  63.93  64.57  67.23  73.22  78.86  82.69  86.14  89.69  93.79 127.63 129.81 122.13 114.22 117.79 117.45 116.38 115.62 114.59 122.95 100.22 101.81 101.23 100.37
 139 169.16 167.60 164.86 162.40 159.64 156.79 154.06 151.97 150.72 149.81 148.50 147.75 148.39 148.94  78.53  77.12  77.38  76.93  74.25  73.54  71.66  69.68  68.13  67.38  65.42  63.93  64.57  67.23  73.22  78.86  82.69  86.14  89.69  93.79 127.63 129.81 122.13 114.22 117.79 117.45 116.38 115.62 114.59 122.95 100.22 101.81 101.23 100.37
 140 169.16 167.60 164.86 162.40 159.64 156.79 154.06 151.97 150.72 149.81 148.50 147.75 148.39 148.94  78.53  77.12  77.38  76.93  74.25  73.54  71.66  69.68  68.13  67.38  65.42  63.93  64.57  67.23  73.22  78.86  82.69  86.14  89.69  93.79 127.63 129.81 122.13 114.22 117.79 117.45 116.38 115.62 114.59 122.95 100.22 101.81 101.23 100.37
 141 169.16 167.60 164.86 162.40 159.64 156.79 154.06 151.97 150.72 149.81 148.50 147.75 148.39 148.94  78.53  77.12  77.38  76.93  74.25  73.54  71.66  69.68  68.13  67.38  65.42  63.93  64.57  67.23  73.22  78.86  82.69  86.14  89.69  93.79 127.63 129.81 122.13 114.22 117.79 117.45 116.38 115.62 114.59 122.95 100.22 101.81 101.23 100.37
 142 169.16 167.60 164.86 162.40 159.64 156.79 154.06 151.97 150.72 149.81 148.50 147.75 148.39 148.94  78.53  77.12  77.38  76.93  74.25  73.54  71.66  69.68  68.13  67.38  65.42  63.93  64.57  67.23  73.22  78.86  82.69  86.14  89.69  93.79 127.63 129.81 122.13 114.22 117.79 117.45 116.38 115.62 114.59 122.95 100.22 101.81 101.23 100.37
 143 169.16 167.60 164.86 162.40 159.64 156.79 154.06 151.97 150.72 149.81 148.50 147.75 148.39 148.94  78.53  77.12  77.38  76.93  74.25  73.54  71.66  69.68  68.13  67.38  65.42  63.93  64.57  67.23  73.22  78.86  82.69  86.14  89.69  93.79 127.63 129.81 122.13 114.22 117.79 117.45 116.38 115.62 114.59 122.95 100.22 101.81 101.23 100.37
 144 169.16 167.60 164.86 162.40 159.64 156.79 154.06 151.97 150.72 149.81 148.50 147.75 148.39 148.94  78.53  77.12  77.38  76.93  74.25  73.54  71.66  69.68  68.13  67.38  65.42  63.93  64.57  67.23  73.22  78.86  82.69  86.14  89.69  93.79 127.63 129.81 122.13 114.22 117.79 117.45 116.38 115.62 114.59 122.95 100.22 101.81 101.23 100.37
 145 100.00 100.00 100.00 100.00 100.00 100.00 100.00 100.00 100.00 100.00 100.00 100.00 100.00 100.00 100.00 100.00 100.00 100.00 100.00 100.00 100.00 100.00 100.00 100.00 100.00 100.00 100.00 100.00 100.00 100.00 100.00 100.00 100.00 100.00 100.00 100.00 100.00 100.00 100.00 100.00 100.00 100.00 100.00 100.00 100.00 100.00 100.00 100.00
 146 169.16 167.60 164.86 162.40 159.64 156.79 154.06 151.97 150.72 149.81 148.50 147.75 148.39 148.94  78.53  77.12  77.38  76.93  74.25  73.54  71.66  69.68  68.13  67.38  65.42  63.93  64.57  67.23  73.22  78.86  82.69  86.14  89.69  93.79 127.63 129.81 122.13 114.22 117.79 117.45 116.38 115.62 114.59 122.95 100.22 101.81 101.23 100.37
 147 100.00 100.00 100.00 100.00 100.00 100.00 100.00 100.00 100.00 100.00 100.00 100.00 100.00 100.00 100.00 100.00 100.00 100.00 100.00 100.00 100.00 100.00 100.00 100.00 100.00 100.00 100.00 100.00 100.00 100.00 100.00 100.00 100.00 100.00 100.00 100.00 100.00 100.00 100.00 100.00 100.00 100.00 100.00 100.00 100.00 100.00 100.00 100.00
 148 100.00 100.00 100.00 100.00 100.00 100.00 100.00 100.00 100.00 100.00 100.00 100.00 100.00 100.00 100.00 100.00 100.00 100.00 100.00 100.00 100.00 100.00 100.00 100.00 100.00 100.00 100.00 100.00 100.00 100.00 100.00 100.00 100.00 100.00 100.00 100.00 100.00 100.00 100.00 100.00 100.00 100.00 100.00 100.00 100.00 100.00 100.00 100.00
 149 100.00 100.00 100.00 100.00 100.00 100.00 100.00 100.00 100.00 100.00 100.00 100.00 100.00 100.00 100.00 100.00 100.00 100.00 100.00 100.00 100.00 100.00 100.00 100.00 100.00 100.00 100.00 100.00 100.00 100.00 100.00 100.00 100.00 100.00 100.00 100.00 100.00 100.00 100.00 100.00 100.00 100.00 100.00 100.00 100.00 100.00 100.00 100.00
 150 115.84 111.20 109.39 107.13 103.93 102.88 101.86 102.19 102.57 104.88 108.15 111.31 116.72 116.38  63.72  65.29  67.03  67.71  68.40  68.71  68.67  69.10  67.09  66.17  64.35  64.80  68.68  71.62  75.67  77.52  79.57  83.08  86.15  88.31  92.42  92.51  94.19 101.97 101.50  98.09  95.15  92.76  93.13  92.19  84.91  82.64  77.20  73.56
 151 115.84 111.20 109.39 107.13 103.93 102.88 101.86 102.19 102.57 104.88 108.15 111.31 116.72 116.38  63.72  65.29  67.03  67.71  68.40  68.71  68.67  69.10  67.09  66.17  64.35  64.80  68.68  71.62  75.67  77.52  79.57  83.08  86.15  88.31  92.42  92.51  94.19 101.97 101.50  98.09  95.15  92.76  93.13  92.19  84.91  82.64  77.20  73.56
 152 115.84 111.20 109.39 107.13 103.93 102.88 101.86 102.19 102.57 104.88 108.15 111.31 116.72 116.38  63.72  65.29  67.03  67.71  68.40  68.71  68.67  69.10  67.09  66.17  64.35  64.80  68.68  71.62  75.67  77.52  79.57  83.08  86.15  88.31  92.42  92.51  94.19 101.97 101.50  98.09  95.15  92.76  93.13  92.19  84.91  82.64  77.20  73.56
 153 115.84 111.20 109.39 107.13 103.93 102.88 101.86 102.19 102.57 104.88 108.15 111.31 116.72 116.38  63.72  65.29  67.03  67.71  68.40  68.71  68.67  69.10  67.09  66.17  64.35  64.80  68.68  71.62  75.67  77.52  79.57  83.08  86.15  88.31  92.42  92.51  94.19 101.97 101.50  98.09  95.15  92.76  93.13  92.19  84.91  82.64  77.20  73.56
 154 115.84 111.20 109.39 107.13 103.93 102.88 101.86 102.19 102.57 104.88 108.15 111.31 116.72 116.38  63.72  65.29  67.03  67.71  68.40  68.71  68.67  69.10  67.09  66.17  64.35  64.80  68.68  71.62  75.67  77.52  79.57  83.08  86.15  88.31  92.42  92.51  94.19 101.97 101.50  98.09  95.15  92.76  93.13  92.19  84.91  82.64  77.20  73.56
 155 100.00 100.00 100.00 100.00 100.00 100.00 100.00 100.00 100.00 100.00 100.00 100.00 100.00 100.00 100.00 100.00 100.00 100.00 100.00 100.00 100.00 100.00 100.00 100.00 100.00 100.00 100.00 100.00 100.00 100.00 100.00 100.00 100.00 100.00 100.00 100.00 100.00 100.00 100.00 100.00 100.00 100.00 100.00 100.00 100.00 100.00 100.00 100.00
 156 100.00 100.00 100.00 100.00 100.00 100.00 100.00 100.00 100.00 100.00 100.00 100.00 100.00 100.00 100.00 100.00 100.00 100.00 100.00 100.00 100.00 100.00 100.00 100.00 100.00 100.00 100.00 100.00 100.00 100.00 100.00 100.00 100.00 100.00 100.00 100.00 100.00 100.00 100.00 100.00 100.00 100.00 100.00 100.00 100.00 100.00 100.00 100.00
 157 100.00 100.00 100.00 100.00 100.00 100.00 100.00 100.00 100.00 100.00 100.00 100.00 100.00 100.00 100.00 100.00 100.00 100.00 100.00 100.00 100.00 100.00 100.00 100.00 100.00 100.00 100.00 100.00 100.00 100.00 100.00 100.00 100.00 100.00 100.00 100.00 100.00 100.00 100.00 100.00 100.00 100.00 100.00 100.00 100.00 100.00 100.00 100.00
 158 100.00 100.00 100.00 100.00 100.00 100.00 100.00 100.00 100.00 100.00 100.00 100.00 100.00 100.00 100.00 100.00 100.00 100.00 100.00 100.00 100.00 100.00 100.00 100.00 100.00 100.00 100.00 100.00 100.00 100.00 100.00 100.00 100.00 100.00 100.00 100.00 100.00 100.00 100.00 100.00 100.00 100.00 100.00 100.00 100.00 100.00 100.00 100.00
 159 100.00 100.00 100.00 100.00 100.00 100.00 100.00 100.00 100.00 100.00 100.00 100.00 100.00 100.00 100.00 100.00 100.00 100.00 100.00 100.00 100.00 100.00 100.00 100.00 100.00 100.00 100.00 100.00 100.00 100.00 100.00 100.00 100.00 100.00 100.00 100.00 100.00 100.00 100.00 100.00 100.00 100.00 100.00 100.00 100.00 100.00 100.00 100.00
 160 125.87 120.75 116.39 113.27 111.24 109.97 108.85 108.04 108.16 108.58 111.09 114.81 118.83 116.96  68.08  69.95  71.65  72.94  73.89  74.77  76.16  77.85  79.71  81.03  80.93  79.82  80.24  81.00  82.45  83.50  84.93  86.36  88.25  90.33  90.10  89.39  95.26 102.00 101.87 100.42  97.82  94.65  95.12  94.02  91.96  87.67  81.99  78.88
 161 100.00 100.00 100.00 100.00 100.00 100.00 100.00 100.00 100.00 100.00 100.00 100.00 100.00 100.00 100.00 100.00 100.00 100.00 100.00 100.00 100.00 100.00 100.00 100.00 100.00 100.00 100.00 100.00 100.00 100.00 100.00 100.00 100.00 100.00 100.00 100.00 100.00 100.00 100.00 100.00 100.00 100.00 100.00 100.00 100.00 100.00 100.00 100.00
 162 603.63 592.43 581.23 570.01 558.88 558.86 547.77 536.73 536.85 514.79 526.16 515.37 515.62 493.66 341.58 349.37 357.06 357.08 349.42 341.75 334.11 334.17 318.80 318.78 311.06 318.77 341.91 372.74 395.85 411.29 426.69 442.09 449.83 449.86 442.17 419.28 404.10 434.91 434.79 434.58 434.40 434.33 457.33 480.21 480.06 472.19 456.65 448.82
 163 100.00 100.00 100.00 100.00 100.00 100.00 100.00 100.00 100.00 100.00 100.00 100.00 100.00 100.00 100.00 100.00 100.00 100.00 100.00 100.00 100.00 100.00 100.00 100.00 100.00 100.00 100.00 100.00 100.00 100.00 100.00 100.00 100.00 100.00 100.00 100.00 100.00 100.00 100.00 100.00 100.00 100.00 100.00 100.00 100.00 100.00 100.00 100.00
 164 100.00 100.00 100.00 100.00 100.00 100.00 100.00 100.00 100.00 100.00 100.00 100.00 100.00 100.00 100.00 100.00 100.00 100.00 100.00 100.00 100.00 100.00 100.00 100.00 100.00 100.00 100.00 100.00 100.00 100.00 100.00 100.00 100.00 100.00 100.00 100.00 100.00 100.00 100.00 100.00 100.00 100.00 100.00 100.00 100.00 100.00 100.00 100.00
 165 143.79 143.01 141.89 140.56 138.45 136.36 134.80 133.16 131.53 129.99 128.48 126.74 124.45 121.15  74.94  74.77  76.42  79.24  81.77  83.11  83.62  84.43  85.52  86.06  85.75  85.96  86.80  89.31  93.52  96.31  97.94  98.46  98.02  97.49  96.96  93.56  88.57  87.75  90.42  93.44  95.45  97.24  98.45  99.52  99.47 100.24 100.51 100.69
 166 143.79 143.01 141.89 140.56 138.45 136.36 134.80 133.16 131.53 129.99 128.48 126.74 124.45 121.15  74.94  74.77  76.42  79.24  81.77  83.11  83.62  84.43  85.52  86.06  85.75  85.96  86.80  89.31  93.52  96.31  97.94  98.46  98.02  97.49  96.96  93.56  88.57  87.75  90.42  93.44  95.45  97.24  98.45  99.52  99.47 100.24 100.51 100.69
 167 143.79 143.01 141.89 140.56 138.45 136.36 134.80 133.16 131.53 129.99 128.48 126.74 124.45 121.15  74.94  74.77  76.42  79.24  81.77  83.11  83.62  84.43  85.52  86.06  85.75  85.96  86.80  89.31  93.52  96.31  97.94  98.46  98.02  97.49  96.96  93.56  88.57  87.75  90.42  93.44  95.45  97.24  98.45  99.52  99.47 100.24 100.51 100.69
 168 143.79 143.01 141.89 140.56 138.45 136.36 134.80 133.16 131.53 129.99 128.48 126.74 124.45 121.15  74.94  74.77  76.42  79.24  81.77  83.11  83.62  84.43  85.52  86.06  85.75  85.96  86.80  89.31  93.52  96.31  97.94  98.46  98.02  97.49  96.96  93.56  88.57  87.75  90.42  93.44  95.45  97.24  98.45  99.52  99.47 100.24 100.51 100.69
 169 100.00 100.00 100.00 100.00 100.00 100.00 100.00 100.00 100.00 100.00 100.00 100.00 100.00 100.00 100.00 100.00 100.00 100.00 100.00 100.00 100.00 100.00 100.00 100.00 100.00 100.00 100.00 100.00 100.00 100.00 100.00 100.00 100.00 100.00 100.00 100.00 100.00 100.00 100.00 100.00 100.00 100.00 100.00 100.00 100.00 100.00 100.00 100.00
 170 140.68 138.96 137.77 136.05 133.79 132.08 129.82 128.12 126.97 125.80 124.65 122.97 119.68 113.70  69.18  67.81  69.78  71.44  72.77  73.44  73.45  73.48  74.18  75.23  75.28  76.69  79.43  82.89  87.04  90.16  90.64  89.79  88.58  86.67  83.92  81.62  79.97  82.39  85.51  87.59  88.28  89.32  90.35  91.37  90.39  91.38  92.03  92.34
 171 100.00 100.00 100.00 100.00 100.00 100.00 100.00 100.00 100.00 100.00 100.00 100.00 100.00 100.00 100.00 100.00 100.00 100.00 100.00 100.00 100.00 100.00 100.00 100.00 100.00 100.00 100.00 100.00 100.00 100.00 100.00 100.00 100.00 100.00 100.00 100.00 100.00 100.00 100.00 100.00 100.00 100.00 100.00 100.00 100.00 100.00 100.00 100.00
 172 100.00 100.00 100.00 100.00 100.00 100.00 100.00 100.00 100.00 100.00 100.00 100.00 100.00 100.00 100.00 100.00 100.00 100.00 100.00 100.00 100.00 100.00 100.00 100.00 100.00 100.00 100.00 100.00 100.00 100.00 100.00 100.00 100.00 100.00 100.00 100.00 100.00 100.00 100.00 100.00 100.00 100.00 100.00 100.00 100.00 100.00 100.00 100.00
 173 100.00 100.00 100.00 100.00 100.00 100.00 100.00 100.00 100.00 100.00 100.00 100.00 100.00 100.00 100.00 100.00 100.00 100.00 100.00 100.00 100.00 100.00 100.00 100.00 100.00 100.00 100.00 100.00 100.00 100.00 100.00 100.00 100.00 100.00 100.00 100.00 100.00 100.00 100.00 100.00 100.00 100.00 100.00 100.00 100.00 100.00 100.00 100.00
 174 100.00 100.00 100.00 100.00 100.00 100.00 100.00 100.00 100.00 100.00 100.00 100.00 100.00 100.00 100.00 100.00 100.00 100.00 100.00 100.00 100.00 100.00 100.00 100.00 100.00 100.00 100.00 100.00 100.00 100.00 100.00 100.00 100.00 100.00 100.00 100.00 100.00 100.00 100.00 100.00 100.00 100.00 100.00 100.00 100.00 100.00 100.00 100.00
 175 117.17 115.94 115.26 114.47 113.27 111.56 111.89 111.12 110.59 109.67 109.96 110.07 107.87 105.12  87.13  88.50  90.19  91.08  90.60  90.91  90.71  89.77  89.96  89.29  88.43  88.94  90.42  92.98  94.80  96.02  96.26  96.20  95.80  95.56  97.78  97.42  96.12  97.99  99.88 100.46 100.64 101.08 101.46 102.86  99.96  98.86  98.10  98.17
 176 117.17 115.94 115.26 114.47 113.27 111.56 111.89 111.12 110.59 109.67 109.96 110.07 107.87 105.12  87.13  88.50  90.19  91.08  90.60  90.91  90.71  89.77  89.96  89.29  88.43  88.94  90.42  92.98  94.80  96.02  96.26  96.20  95.80  95.56  97.78  97.42  96.12  97.99  99.88 100.46 100.64 101.08 101.46 102.86  99.96  98.86  98.10  98.17
 177 117.17 115.94 115.26 114.47 113.27 111.56 111.89 111.12 110.59 109.67 109.96 110.07 107.87 105.12  87.13  88.50  90.19  91.08  90.60  90.91  90.71  89.77  89.96  89.29  88.43  88.94  90.42  92.98  94.80  96.02  96.26  96.20  95.80  95.56  97.78  97.42  96.12  97.99  99.88 100.46 100.64 101.08 101.46 102.86  99.96  98.86  98.10  98.17
 178 117.17 115.94 115.26 114.47 113.27 111.56 111.89 111.12 110.59 109.67 109.96 110.07 107.87 105.12  87.13  88.50  90.19  91.08  90.60  90.91  90.71  89.77  89.96  89.29  88.43  88.94  90.42  92.98  94.80  96.02  96.26  96.20  95.80  95.56  97.78  97.42  96.12  97.99  99.88 100.46 100.64 101.08 101.46 102.86  99.96  98.86  98.10  98.17
 179 100.00 100.00 100.00 100.00 100.00 100.00 100.00 100.00 100.00 100.00 100.00 100.00 100.00 100.00 100.00 100.00 100.00 100.00 100.00 100.00 100.00 100.00 100.00 100.00 100.00 100.00 100.00 100.00 100.00 100.00 100.00 100.00 100.00 100.00 100.00 100.00 100.00 100.00 100.00 100.00 100.00 100.00 100.00 100.00 100.00 100.00 100.00 100.00
 180 100.00 100.00 100.00 100.00 100.00 100.00 100.00 100.00 100.00 100.00 100.00 100.00 100.00 100.00 100.00 100.00 100.00 100.00 100.00 100.00 100.00 100.00 100.00 100.00 100.00 100.00 100.00 100.00 100.00 100.00 100.00 100.00 100.00 100.00 100.00 100.00 100.00 100.00 100.00 100.00 100.00 100.00 100.00 100.00 100.00 100.00 100.00 100.00
 181 100.00 100.00 100.00 100.00 100.00 100.00 100.00 100.00 100.00 100.00 100.00 100.00 100.00 100.00 100.00 100.00 100.00 100.00 100.00 100.00 100.00 100.00 100.00 100.00 100.00 100.00 100.00 100.00 100.00 100.00 100.00 100.00 100.00 100.00 100.00 100.00 100.00 100.00 100.00 100.00 100.00 100.00 100.00 100.00 100.00 100.00 100.00 100.00
 182 166.83 164.55 163.09 161.63 159.45 157.39 155.83 154.08 154.00 153.18 152.07 150.66 145.01 140.28  90.74  91.31  93.33  94.65  94.64  94.30  94.92  94.55  93.51  93.42  92.86  93.67  95.73  99.10 101.28 103.92 104.00 104.36 104.29 103.26 104.46 103.59 105.02 108.69 109.83 109.45 109.33 110.24 111.96 113.74 111.29 111.68 111.13 110.36
 183 166.83 164.55 163.09 161.63 159.45 157.39 155.83 154.08 154.00 153.18 152.07 150.66 145.01 140.28  90.74  91.31  93.33  94.65  94.64  94.30  94.92  94.55  93.51  93.42  92.86  93.67  95.73  99.10 101.28 103.92 104.00 104.36 104.29 103.26 104.46 103.59 105.02 108.69 109.83 109.45 109.33 110.24 111.96 113.74 111.29 111.68 111.13 110.36
 184 166.83 164.55 163.09 161.63 159.45 157.39 155.83 154.08 154.00 153.18 152.07 150.66 145.01 140.28  90.74  91.31  93.33  94.65  94.64  94.30  94.92  94.55  93.51  93.42  92.86  93.67  95.73  99.10 101.28 103.92 104.00 104.36 104.29 103.26 104.46 103.59 105.02 108.69 109.83 109.45 109.33 110.24 111.96 113.74 111.29 111.68 111.13 110.36
 185 100.00 100.00 100.00 100.00 100.00 100.00 100.00 100.00 100.00 100.00 100.00 100.00 100.00 100.00 100.00 100.00 100.00 100.00 100.00 100.00 100.00 100.00 100.00 100.00 100.00 100.00 100.00 100.00 100.00 100.00 100.00 100.00 100.00 100.00 100.00 100.00 100.00 100.00 100.00 100.00 100.00 100.00 100.00 100.00 100.00 100.00 100.00 100.00
 186 100.00 100.00 100.00 100.00 100.00 100.00 100.00 100.00 100.00 100.00 100.00 100.00 100.00 100.00 100.00 100.00 100.00 100.00 100.00 100.00 100.00 100.00 100.00 100.00 100.00 100.00 100.00 100.00 100.00 100.00 100.00 100.00 100.00 100.00 100.00 100.00 100.00 100.00 100.00 100.00 100.00 100.00 100.00 100.00 100.00 100.00 100.00 100.00
 187 120.40 118.47 115.45 112.79 109.77 107.86 106.29 105.11 103.22 102.03 101.23 100.78  98.17  93.00  56.81  57.66  58.49  57.82  56.06  54.52  53.88  53.91  52.19  51.80  50.96  52.57  55.25  59.07  63.78  67.39  70.16  72.51  74.39  76.02  85.62  82.20  77.00  82.29  82.09  81.87  81.13  81.65  85.40  90.17  80.54  80.31  79.42  78.73
 188 100.00 100.00 100.00 100.00 100.00 100.00 100.00 100.00 100.00 100.00 100.00 100.00 100.00 100.00 100.00 100.00 100.00 100.00 100.00 100.00 100.00 100.00 100.00 100.00 100.00 100.00 100.00 100.00 100.00 100.00 100.00 100.00 100.00 100.00 100.00 100.00 100.00 100.00 100.00 100.00 100.00 100.00 100.00 100.00 100.00 100.00 100.00 100.00
 189 100.00 100.00 100.00 100.00 100.00 100.00 100.00 100.00 100.00 100.00 100.00 100.00 100.00 100.00 100.00 100.00 100.00 100.00 100.00 100.00 100.00 100.00 100.00 100.00 100.00 100.00 100.00 100.00 100.00 100.00 100.00 100.00 100.00 100.00 100.00 100.00 100.00 100.00 100.00 100.00 100.00 100.00 100.00 100.00 100.00 100.00 100.00 100.00
 190 100.00 100.00 100.00 100.00 100.00 100.00 100.00 100.00 100.00 100.00 100.00 100.00 100.00 100.00 100.00 100.00 100.00 100.00 100.00 100.00 100.00 100.00 100.00 100.00 100.00 100.00 100.00 100.00 100.00 100.00 100.00 100.00 100.00 100.00 100.00 100.00 100.00 100.00 100.00 100.00 100.00 100.00 100.00 100.00 100.00 100.00 100.00 100.00
 191 109.36 106.73 104.21 103.56 102.63 102.34 101.64 101.67 102.17 103.39 106.16 109.67 111.50 112.75  80.56  81.12  80.95  80.50  79.58  79.18  78.39  77.86  76.76  76.09  76.90  77.06  79.02  79.78  81.56  82.93  85.61  87.51  90.42  91.86  88.18  93.56  99.76 101.09  99.15  97.94  98.53  99.71  98.30  95.93  94.30  90.79  86.57  84.31
 192 109.36 106.73 104.21 103.56 102.63 102.34 101.64 101.67 102.17 103.39 106.16 109.67 111.50 112.75  80.56  81.12  80.95  80.50  79.58  79.18  78.39  77.86  76.76  76.09  76.90  77.06  79.02  79.78  81.56  82.93  85.61  87.51  90.42  91.86  88.18  93.56  99.76 101.09  99.15  97.94  98.53  99.71  98.30  95.93  94.30  90.79  86.57  84.31
 193 109.36 106.73 104.21 103.56 102.63 102.34 101.64 101.67 102.17 103.39 106.16 109.67 111.50 112.75  80.56  81.12  80.95  80.50  79.58  79.18  78.39  77.86  76.76  76.09  76.90  77.06  79.02  79.78  81.56  82.93  85.61  87.51  90.42  91.86  88.18  93.56  99.76 101.09  99.15  97.94  98.53  99.71  98.30  95.93  94.30  90.79  86.57  84.31
 194 109.36 106.73 104.21 103.56 102.63 102.34 101.64 101.67 102.17 103.39 106.16 109.67 111.50 112.75  80.56  81.12  80.95  80.50  79.58  79.18  78.39  77.86  76.76  76.09  76.90  77.06  79.02  79.78  81.56  82.93  85.61  87.51  90.42  91.86  88.18  93.56  99.76 101.09  99.15  97.94  98.53  99.71  98.30  95.93  94.30  90.79  86.57  84.31
 195 109.36 106.73 104.21 103.56 102.63 102.34 101.64 101.67 102.17 103.39 106.16 109.67 111.50 112.75  80.56  81.12  80.95  80.50  79.58  79.18  78.39  77.86  76.76  76.09  76.90  77.06  79.02  79.78  81.56  82.93  85.61  87.51  90.42  91.86  88.18  93.56  99.76 101.09  99.15  97.94  98.53  99.71  98.30  95.93  94.30  90.79  86.57  84.31
 196 109.36 106.73 104.21 103.56 102.63 102.34 101.64 101.67 102.17 103.39 106.16 109.67 111.50 112.75  80.56  81.12  80.95  80.50  79.58  79.18  78.39  77.86  76.76  76.09  76.90  77.06  79.02  79.78  81.56  82.93  85.61  87.51  90.42  91.86  88.18  93.56  99.76 101.09  99.15  97.94  98.53  99.71  98.30  95.93  94.30  90.79  86.57  84.31
 197 109.36 106.73 104.21 103.56 102.63 102.34 101.64 101.67 102.17 103.39 106.16 109.67 111.50 112.75  80.56  81.12  80.95  80.50  79.58  79.18  78.39  77.86  76.76  76.09  76.90  77.06  79.02  79.78  81.56  82.93  85.61  87.51  90.42  91.86  88.18  93.56  99.76 101.09  99.15  97.94  98.53  99.71  98.30  95.93  94.30  90.79  86.57  84.31
 198 109.36 106.73 104.21 103.56 102.63 102.34 101.64 101.67 102.17 103.39 106.16 109.67 111.50 112.75  80.56  81.12  80.95  80.50  79.58  79.18  78.39  77.86  76.76  76.09  76.90  77.06  79.02  79.78  81.56  82.93  85.61  87.51  90.42  91.86  88.18  93.56  99.76 101.09  99.15  97.94  98.53  99.71  98.30  95.93  94.30  90.79  86.57  84.31
 199 109.36 106.73 104.21 103.56 102.63 102.34 101.64 101.67 102.17 103.39 106.16 109.67 111.50 112.75  80.56  81.12  80.95  80.50  79.58  79.18  78.39  77.86  76.76  76.09  76.90  77.06  79.02  79.78  81.56  82.93  85.61  87.51  90.42  91.86  88.18  93.56  99.76 101.09  99.15  97.94  98.53  99.71  98.30  95.93  94.30  90.79  86.57  84.31
 200 109.36 106.73 104.21 103.56 102.63 102.34 101.64 101.67 102.17 103.39 106.16 109.67 111.50 112.75  80.56  81.12  80.95  80.50  79.58  79.18  78.39  77.86  76.76  76.09  76.90  77.06  79.02  79.78  81.56  82.93  85.61  87.51  90.42  91.86  88.18  93.56  99.76 101.09  99.15  97.94  98.53  99.71  98.30  95.93  94.30  90.79  86.57  84.31
 201 100.00 100.00 100.00 100.00 100.00 100.00 100.00 100.00 100.00 100.00 100.00 100.00 100.00 100.00 100.00 100.00 100.00 100.00 100.00 100.00 100.00 100.00 100.00 100.00 100.00 100.00 100.00 100.00 100.00 100.00 100.00 100.00 100.00 100.00 100.00 100.00 100.00 100.00 100.00 100.00 100.00 100.00 100.00 100.00 100.00 100.00 100.00 100.00
 202 100.00 100.00 100.00 100.00 100.00 100.00 100.00 100.00 100.00 100.00 100.00 100.00 100.00 100.00 100.00 100.00 100.00 100.00 100.00 100.00 100.00 100.00 100.00 100.00 100.00 100.00 100.00 100.00 100.00 100.00 100.00 100.00 100.00 100.00 100.00 100.00 100.00 100.00 100.00 100.00 100.00 100.00 100.00 100.00 100.00 100.00 100.00 100.00
 203 100.00 100.00 100.00 100.00 100.00 100.00 100.00 100.00 100.00 100.00 100.00 100.00 100.00 100.00 100.00 100.00 100.00 100.00 100.00 100.00 100.00 100.00 100.00 100.00 100.00 100.00 100.00 100.00 100.00 100.00 100.00 100.00 100.00 100.00 100.00 100.00 100.00 100.00 100.00 100.00 100.00 100.00 100.00 100.00 100.00 100.00 100.00 100.00
 204 100.00 100.00 100.00 100.00 100.00 100.00 100.00 100.00 100.00 100.00 100.00 100.00 100.00 100.00 100.00 100.00 100.00 100.00 100.00 100.00 100.00 100.00 100.00 100.00 100.00 100.00 100.00 100.00 100.00 100.00 100.00 100.00 100.00 100.00 100.00 100.00 100.00 100.00 100.00 100.00 100.00 100.00 100.00 100.00 100.00 100.00 100.00 100.00
 205 100.00 100.00 100.00 100.00 100.00 100.00 100.00 100.00 100.00 100.00 100.00 100.00 100.00 100.00 100.00 100.00 100.00 100.00 100.00 100.00 100.00 100.00 100.00 100.00 100.00 100.00 100.00 100.00 100.00 100.00 100.00 100.00 100.00 100.00 100.00 100.00 100.00 100.00 100.00 100.00 100.00 100.00 100.00 100.00 100.00 100.00 100.00 100.00
 206 105.55 101.96  98.62  96.56  95.06  94.06  93.79  94.12  95.41  97.15 101.25 106.51 116.26 120.58  75.93  78.87  81.29  82.91  84.06  85.12  85.97  86.72  87.03  86.83  86.15  86.45  88.29  89.41  90.17  90.86  91.69  92.72  93.60  94.09  88.48  91.27  96.32  98.23  97.38  95.82  93.67  91.96  90.21  87.09  88.34  85.22  80.91  77.99
 207 105.55 101.96  98.62  96.56  95.06  94.06  93.79  94.12  95.41  97.15 101.25 106.51 116.26 120.58  75.93  78.87  81.29  82.91  84.06  85.12  85.97  86.72  87.03  86.83  86.15  86.45  88.29  89.41  90.17  90.86  91.69  92.72  93.60  94.09  88.48  91.27  96.32  98.23  97.38  95.82  93.67  91.96  90.21  87.09  88.34  85.22  80.91  77.99
 208 105.55 101.96  98.62  96.56  95.06  94.06  93.79  94.12  95.41  97.15 101.25 106.51 116.26 120.58  75.93  78.87  81.29  82.91  84.06  85.12  85.97  86.72  87.03  86.83  86.15  86.45  88.29  89.41  90.17  90.86  91.69  92.72  93.60  94.09  88.48  91.27  96.32  98.23  97.38  95.82  93.67  91.96  90.21  87.09  88.34  85.22  80.91  77.99
 209 105.55 101.96  98.62  96.56  95.06  94.06  93.79  94.12  95.41  97.15 101.25 106.51 116.26 120.58  75.93  78.87  81.29  82.91  84.06  85.12  85.97  86.72  87.03  86.83  86.15  86.45  88.29  89.41  90.17  90.86  91.69  92.72  93.60  94.09  88.48  91.27  96.32  98.23  97.38  95.82  93.67  91.96  90.21  87.09  88.34  85.22  80.91  77.99
 210 105.55 101.96  98.62  96.56  95.06  94.06  93.79  94.12  95.41  97.15 101.25 106.51 116.26 120.58  75.93  78.87  81.29  82.91  84.06  85.12  85.97  86.72  87.03  86.83  86.15  86.45  88.29  89.41  90.17  90.86  91.69  92.72  93.60  94.09  88.48  91.27  96.32  98.23  97.38  95.82  93.67  91.96  90.21  87.09  88.34  85.22  80.91  77.99
 211 105.55 101.96  98.62  96.56  95.06  94.06  93.79  94.12  95.41  97.15 101.25 106.51 116.26 120.58  75.93  78.87  81.29  82.91  84.06  85.12  85.97  86.72  87.03  86.83  86.15  86.45  88.29  89.41  90.17  90.86  91.69  92.72  93.60  94.09  88.48  91.27  96.32  98.23  97.38  95.82  93.67  91.96  90.21  87.09  88.34  85.22  80.91  77.99
 212 105.55 101.96  98.62  96.56  95.06  94.06  93.79  94.12  95.41  97.15 101.25 106.51 116.26 120.58  75.93  78.87  81.29  82.91  84.06  85.12  85.97  86.72  87.03  86.83  86.15  86.45  88.29  89.41  90.17  90.86  91.69  92.72  93.60  94.09  88.48  91.27  96.32  98.23  97.38  95.82  93.67  91.96  90.21  87.09  88.34  85.22  80.91  77.99
 213 105.55 101.96  98.62  96.56  95.06  94.06  93.79  94.12  95.41  97.15 101.25 106.51 116.26 120.58  75.93  78.87  81.29  82.91  84.06  85.12  85.97  86.72  87.03  86.83  86.15  86.45  88.29  89.41  90.17  90.86  91.69  92.72  93.60  94.09  88.48  91.27  96.32  98.23  97.38  95.82  93.67  91.96  90.21  87.09  88.34  85.22  80.91  77.99
 214 105.55 101.96  98.62  96.56  95.06  94.06  93.79  94.12  95.41  97.15 101.25 106.51 116.26 120.58  75.93  78.87  81.29  82.91  84.06  85.12  85.97  86.72  87.03  86.83  86.15  86.45  88.29  89.41  90.17  90.86  91.69  92.72  93.60  94.09  88.48  91.27  96.32  98.23  97.38  95.82  93.67  91.96  90.21  87.09  88.34  85.22  80.91  77.99
 215 105.55 101.96  98.62  96.56  95.06  94.06  93.79  94.12  95.41  97.15 101.25 106.51 116.26 120.58  75.93  78.87  81.29  82.91  84.06  85.12  85.97  86.72  87.03  86.83  86.15  86.45  88.29  89.41  90.17  90.86  91.69  92.72  93.60  94.09  88.48  91.27  96.32  98.23  97.38  95.82  93.67  91.96  90.21  87.09  88.34  85.22  80.91  77.99
 216 105.55 101.96  98.62  96.56  95.06  94.06  93.79  94.12  95.41  97.15 101.25 106.51 116.26 120.58  75.93  78.87  81.29  82.91  84.06  85.12  85.97  86.72  87.03  86.83  86.15  86.45  88.29  89.41  90.17  90.86  91.69  92.72  93.60  94.09  88.48  91.27  96.32  98.23  97.38  95.82  93.67  91.96  90.21  87.09  88.34  85.22  80.91  77.99
 217   0.00   0.00   0.00   0.00   0.00   0.00   0.00   0.00   0.00   0.00   0.00   0.00   0.00   0.00   0.00   0.00   0.00   0.00   0.00   0.00   0.00   0.00   0.00   0.00   0.00   0.00   0.00   0.00   0.00   0.00   0.00   0.00   0.00   0.00   0.00   0.00   0.00   0.00   0.00   0.00   0.00   0.00   0.00   0.00   0.00   0.00   0.00   0.00
 218   0.00   0.00   0.00   0.00   0.00   0.00   0.00   0.00   0.00   0.00   0.00   0.00   0.00   0.00   0.00   0.00   0.00   0.00   0.00   0.00   0.00   0.00   0.00   0.00   0.00   0.00   0.00   0.00   0.00   0.00   0.00   0.00   0.00   0.00   0.00   0.00   0.00   0.00   0.00   0.00   0.00   0.00   0.00   0.00   0.00   0.00   0.00   0.00
 219   0.00   0.00   0.00   0.00   0.00   0.00   0.00   0.00   0.00   0.00   0.00   0.00   0.00   0.00   0.00   0.00   0.00   0.00   0.00   0.00   0.00   0.00   0.00   0.00   0.00   0.00   0.00   0.00   0.00   0.00   0.00   0.00   0.00   0.00   0.00   0.00   0.00   0.00   0.00   0.00   0.00   0.00   0.00   0.00   0.00   0.00   0.00   0.00
 220   0.00   0.00   0.00   0.00   0.00   0.00   0.00   0.00   0.00   0.00   0.00   0.00   0.00   0.00   0.00   0.00   0.00   0.00   0.00   0.00   0.00   0.00   0.00   0.00   0.00   0.00   0.00   0.00   0.00   0.00   0.00   0.00   0.00   0.00   0.00   0.00   0.00   0.00   0.00   0.00   0.00   0.00   0.00   0.00   0.00   0.00   0.00   0.00
 221 100.00 100.00 100.00 100.00 100.00 100.00 100.00 100.00 100.00 100.00 100.00 100.00 100.00 100.00 100.00 100.00 100.00 100.00 100.00 100.00 100.00 100.00 100.00 100.00 100.00 100.00 100.00 100.00 100.00 100.00 100.00 100.00 100.00 100.00 100.00 100.00 100.00 100.00 100.00 100.00 100.00 100.00 100.00 100.00 100.00 100.00 100.00 100.00
 222 100.00 100.00 100.00 100.00 100.00 100.00 100.00 100.00 100.00 100.00 100.00 100.00 100.00 100.00 100.00 100.00 100.00 100.00 100.00 100.00 100.00 100.00 100.00 100.00 100.00 100.00 100.00 100.00 100.00 100.00 100.00 100.00 100.00 100.00 100.00 100.00 100.00 100.00 100.00 100.00 100.00 100.00 100.00 100.00 100.00 100.00 100.00 100.00
 223 100.00 100.00 100.00 100.00 100.00 100.00 100.00 100.00 100.00 100.00 100.00 100.00 100.00 100.00 100.00 100.00 100.00 100.00 100.00 100.00 100.00 100.00 100.00 100.00 100.00 100.00 100.00 100.00 100.00 100.00 100.00 100.00 100.00 100.00 100.00 100.00 100.00 100.00 100.00 100.00 100.00 100.00 100.00 100.00 100.00 100.00 100.00 100.00
 224 120.55 117.44 114.66 112.29 110.06 108.54 108.16 107.75 107.82 108.90 111.45 114.30 115.52 116.43  70.91  73.16  75.07  76.68  78.01  78.96  79.77  81.05  81.62  82.33  82.77  83.45  84.25  85.19  85.99  86.75  87.25  88.06  88.61  88.41  89.12  91.45  94.06  94.23  93.52  92.40  91.36  90.71  89.98  88.61  87.41  85.13  83.25  81.60
 225 120.55 117.44 114.66 112.29 110.06 108.54 108.16 107.75 107.82 108.90 111.45 114.30 115.52 116.43  70.91  73.16  75.07  76.68  78.01  78.96  79.77  81.05  81.62  82.33  82.77  83.45  84.25  85.19  85.99  86.75  87.25  88.06  88.61  88.41  89.12  91.45  94.06  94.23  93.52  92.40  91.36  90.71  89.98  88.61  87.41  85.13  83.25  81.60
 226 120.55 117.44 114.66 112.29 110.06 108.54 108.16 107.75 107.82 108.90 111.45 114.30 115.52 116.43  70.91  73.16  75.07  76.68  78.01  78.96  79.77  81.05  81.62  82.33  82.77  83.45  84.25  85.19  85.99  86.75  87.25  88.06  88.61  88.41  89.12  91.45  94.06  94.23  93.52  92.40  91.36  90.71  89.98  88.61  87.41  85.13  83.25  81.60
 227 120.55 117.44 114.66 112.29 110.06 108.54 108.16 107.75 107.82 108.90 111.45 114.30 115.52 116.43  70.91  73.16  75.07  76.68  78.01  78.96  79.77  81.05  81.62  82.33  82.77  83.45  84.25  85.19  85.99  86.75  87.25  88.06  88.61  88.41  89.12  91.45  94.06  94.23  93.52  92.40  91.36  90.71  89.98  88.61  87.41  85.13  83.25  81.60
 228 120.55 117.44 114.66 112.29 110.06 108.54 108.16 107.75 107.82 108.90 111.45 114.30 115.52 116.43  70.91  73.16  75.07  76.68  78.01  78.96  79.77  81.05  81.62  82.33  82.77  83.45  84.25  85.19  85.99  86.75  87.25  88.06  88.61  88.41  89.12  91.45  94.06  94.23  93.52  92.40  91.36  90.71  89.98  88.61  87.41  85.13  83.25  81.60
 229 120.55 117.44 114.66 112.29 110.06 108.54 108.16 107.75 107.82 108.90 111.45 114.30 115.52 116.43  70.91  73.16  75.07  76.68  78.01  78.96  79.77  81.05  81.62  82.33  82.77  83.45  84.25  85.19  85.99  86.75  87.25  88.06  88.61  88.41  89.12  91.45  94.06  94.23  93.52  92.40  91.36  90.71  89.98  88.61  87.41  85.13  83.25  81.60
 230 100.00 100.00 100.00 100.00 100.00 100.00 100.00 100.00 100.00 100.00 100.00 100.00 100.00 100.00 100.00 100.00 100.00 100.00 100.00 100.00 100.00 100.00 100.00 100.00 100.00 100.00 100.00 100.00 100.00 100.00 100.00 100.00 100.00 100.00 100.00 100.00 100.00 100.00 100.00 100.00 100.00 100.00 100.00 100.00 100.00 100.00 100.00 100.00
 231 100.00 100.00 100.00 100.00 100.00 100.00 100.00 100.00 100.00 100.00 100.00 100.00 100.00 100.00 100.00 100.00 100.00 100.00 100.00 100.00 100.00 100.00 100.00 100.00 100.00 100.00 100.00 100.00 100.00 100.00 100.00 100.00 100.00 100.00 100.00 100.00 100.00 100.00 100.00 100.00 100.00 100.00 100.00 100.00 100.00 100.00 100.00 100.00
 232 100.00 100.00 100.00 100.00 100.00 100.00 100.00 100.00 100.00 100.00 100.00 100.00 100.00 100.00 100.00 100.00 100.00 100.00 100.00 100.00 100.00 100.00 100.00 100.00 100.00 100.00 100.00 100.00 100.00 100.00 100.00 100.00 100.00 100.00 100.00 100.00 100.00 100.00 100.00 100.00 100.00 100.00 100.00 100.00 100.00 100.00 100.00 100.00
 233 100.00 100.00 100.00 100.00 100.00 100.00 100.00 100.00 100.00 100.00 100.00 100.00 100.00 100.00 100.00 100.00 100.00 100.00 100.00 100.00 100.00 100.00 100.00 100.00 100.00 100.00 100.00 100.00 100.00 100.00 100.00 100.00 100.00 100.00 100.00 100.00 100.00 100.00 100.00 100.00 100.00 100.00 100.00 100.00 100.00 100.00 100.00 100.00
 234 100.00 100.00 100.00 100.00 100.00 100.00 100.00 100.00 100.00 100.00 100.00 100.00 100.00 100.00 100.00 100.00 100.00 100.00 100.00 100.00 100.00 100.00 100.00 100.00 100.00 100.00 100.00 100.00 100.00 100.00 100.00 100.00 100.00 100.00 100.00 100.00 100.00 100.00 100.00 100.00 100.00 100.00 100.00 100.00 100.00 100.00 100.00 100.00
 235 100.00 100.00 100.00 100.00 100.00 100.00 100.00 100.00 100.00 100.00 100.00 100.00 100.00 100.00 100.00 100.00 100.00 100.00 100.00 100.00 100.00 100.00 100.00 100.00 100.00 100.00 100.00 100.00 100.00 100.00 100.00 100.00 100.00 100.00 100.00 100.00 100.00 100.00 100.00 100.00 100.00 100.00 100.00 100.00 100.00 100.00 100.00 100.00
 236 106.74 106.28 105.67 104.90 103.99 103.16 102.88 103.25 103.74 104.34 104.97 105.30 105.77 107.36  71.53  72.73  74.36  75.39  76.33  77.46  78.52  78.24  77.44  77.52  77.92  78.71  79.83  80.46  80.69  81.37  81.82  82.98  84.57  86.33  88.39  92.55  91.01  89.93  88.06  85.91  84.18  83.73  83.84  83.55  81.87  80.34  78.46  76.11
 237 106.74 106.28 105.67 104.90 103.99 103.16 102.88 103.25 103.74 104.34 104.97 105.30 105.77 107.36  71.53  72.73  74.36  75.39  76.33  77.46  78.52  78.24  77.44  77.52  77.92  78.71  79.83  80.46  80.69  81.37  81.82  82.98  84.57  86.33  88.39  92.55  91.01  89.93  88.06  85.91  84.18  83.73  83.84  83.55  81.87  80.34  78.46  76.11
 238 106.74 106.28 105.67 104.90 103.99 103.16 102.88 103.25 103.74 104.34 104.97 105.30 105.77 107.36  71.53  72.73  74.36  75.39  76.33  77.46  78.52  78.24  77.44  77.52  77.92  78.71  79.83  80.46  80.69  81.37  81.82  82.98  84.57  86.33  88.39  92.55  91.01  89.93  88.06  85.91  84.18  83.73  83.84  83.55  81.87  80.34  78.46  76.11
 239 100.00 100.00 100.00 100.00 100.00 100.00 100.00 100.00 100.00 100.00 100.00 100.00 100.00 100.00 100.00 100.00 100.00 100.00 100.00 100.00 100.00 100.00 100.00 100.00 100.00 100.00 100.00 100.00 100.00 100.00 100.00 100.00 100.00 100.00 100.00 100.00 100.00 100.00 100.00 100.00 100.00 100.00 100.00 100.00 100.00 100.00 100.00 100.00
 240   0.00   0.00   0.00   0.00   0.00   0.00   0.00   0.00   0.00   0.00   0.00   0.00   0.00   0.00   0.00   0.00   0.00   0.00   0.00   0.00   0.00   0.00   0.00   0.00   0.00   0.00   0.00   0.00   0.00   0.00   0.00   0.00   0.00   0.00   0.00   0.00   0.00   0.00   0.00   0.00   0.00   0.00   0.00   0.00   0.00   0.00   0.00   0.00
 241 100.00 100.00 100.00 100.00 100.00 100.00 100.00 100.00 100.00 100.00 100.00 100.00 100.00 100.00 100.00 100.00 100.00 100.00 100.00 100.00 100.00 100.00 100.00 100.00 100.00 100.00 100.00 100.00 100.00 100.00 100.00 100.00 100.00 100.00 100.00 100.00 100.00 100.00 100.00 100.00 100.00 100.00 100.00 100.00 100.00 100.00 100.00 100.00
 242   0.00   0.00   0.00   0.00   0.00   0.00   0.00   0.00   0.00   0.00   0.00   0.00   0.00   0.00   0.00   0.00   0.00   0.00   0.00   0.00   0.00   0.00   0.00   0.00   0.00   0.00   0.00   0.00   0.00   0.00   0.00   0.00   0.00   0.00   0.00   0.00   0.00   0.00   0.00   0.00   0.00   0.00   0.00   0.00   0.00   0.00   0.00   0.00
 243   0.00   0.00   0.00   0.00   0.00   0.00   0.00   0.00   0.00   0.00   0.00   0.00   0.00   0.00   0.00   0.00   0.00   0.00   0.00   0.00   0.00   0.00   0.00   0.00   0.00   0.00   0.00   0.00   0.00   0.00   0.00   0.00   0.00   0.00   0.00   0.00   0.00   0.00   0.00   0.00   0.00   0.00   0.00   0.00   0.00   0.00   0.00   0.00
 244 603.63 592.43 581.23 570.01 558.88 558.86 547.77 536.73 536.85 514.79 526.16 515.37 515.62 493.66 341.58 349.37 357.06 357.08 349.42 341.75 334.11 334.17 318.80 318.78 311.06 318.77 341.91 372.74 395.85 411.29 426.69 442.09 449.83 449.86 442.17 419.28 404.10 434.91 434.79 434.58 434.40 434.33 457.33 480.21 480.06 472.19 456.65 448.82
----------------------------------------------------------------------------------------------------------------------------------------------------------------------------------------------------------------------------------------------------------------------------------------------------------------------------------------------------
TEMPO :   0.047 (SEG)
