DEMANDA PREVISTA DO SUBSISTEMA  1
--------------------------------------------------
SS MH  CARGA 1  CARGA 2  CARGA 3  CARGA 4  CARGA 5
--------------------------------------------------
 1  1    33127    34036    34178    34257    34268
 1  2    32243    34036    34178    34257    34268
 1  3    31423    34036    34178    34257    34268
 1  4    30907    34036    34178    34257    34268
 1  5    30451    34036    34178    34257    34268
 1  6    30159    34036    34178    34257    34268
 1  7    29991    34036    34178    34257    34268
 1  8    29982    34036    34178    34257    34268
 1  9    30180    34036    34178    34257    34268
 1 10    30541    34036    34178    34257    34268
 1 11    31375    34036    34178    34257    34268
 1 12    32455    34036    34178    34257    34268
 1 13    34002    34036    34178    34257    34268
 1 14    34690    34036    34178    34257    34268
 1 15    35760    38832    38546    38537    38488
 1 16    36595    38832    38546    38537    38488
 1 17    37325    38832    38546    38537    38488
 1 18    37781    38832    38546    38537    38488
 1 19    38042    38832    38546    38537    38488
 1 20    38325    38832    38546    38537    38488
 1 21    38468    42884    42719    42854    42692
 1 22    38640    42884    42719    42854    42692
 1 23    38580    42884    42719    42854    42692
 1 24    38507    42884    42719    42854    42692
 1 25    38383    42884    42719    42854    42692
 1 26    38476    42884    42719    42854    42692
 1 27    39227    42884    42719    42854    42692
 1 28    39769    42884    42719    42854    42692
 1 29    40456    42884    42719    42854    42692
 1 30    41041    42884    42719    42854    42692
 1 31    41733    42884    42719    42854    42692
 1 32    42424    42884    42719    42854    42692
 1 33    43165    42884    42719    42854    42692
 1 34    43650    42884    42719    42854    42692
 1 35    43653    42884    42719    42854    42692
 1 36    45064    42884    42719    42854    42692
 1 37    46926    42884    42719    42854    42692
 1 38    47616    42884    42719    42854    42692
 1 39    47162    42884    42719    42854    42692
 1 40    46491    42884    42719    42854    42692
 1 41    45838    42884    42719    42854    42692
 1 42    45389    42884    42719    42854    42692
 1 43    44810    42884    42719    42854    42692
 1 44    43889    42884    42719    42854    42692
 1 45    42562    40510    40604    40553    41010
 1 46    41314    40510    40604    40553    41010
 1 47    39611    40510    40604    40553    41010
 1 48    38458    40510    40604    40553    41010
--------------------------------------------------
DEMANDA PREVISTA DO SUBSISTEMA  2
--------------------------------------------------
SS MH  CARGA 1  CARGA 2  CARGA 3  CARGA 4  CARGA 5
--------------------------------------------------
 2  1     9160     9842     9977    10133     9962
 2  2     8839     9842     9977    10133     9962
 2  3     8655     9842     9977    10133     9962
 2  4     8508     9842     9977    10133     9962
 2  5     8384     9842     9977    10133     9962
 2  6     8338     9842     9977    10133     9962
 2  7     8333     9842     9977    10133     9962
 2  8     8354     9842     9977    10133     9962
 2  9     8451     9842     9977    10133     9962
 2 10     8605     9842     9977    10133     9962
 2 11     8970     9842     9977    10133     9962
 2 12     9418     9842     9977    10133     9962
 2 13    10280     9842     9977    10133     9962
 2 14    10961     9842     9977    10133     9962
 2 15    11583    12787    12836    12968    12788
 2 16    12032    12787    12836    12968    12788
 2 17    12432    12787    12836    12968    12788
 2 18    12477    12787    12836    12968    12788
 2 19    12346    12787    12836    12968    12788
 2 20    12293    12787    12836    12968    12788
 2 21    12288    13419    13630    13485    13198
 2 22    12381    13419    13630    13485    13198
 2 23    12393    13419    13630    13485    13198
 2 24    11946    13419    13630    13485    13198
 2 25    11183    13419    13630    13485    13198
 2 26    10878    13419    13630    13485    13198
 2 27    11373    13419    13630    13485    13198
 2 28    11863    13419    13630    13485    13198
 2 29    12165    13419    13630    13485    13198
 2 30    12393    13419    13630    13485    13198
 2 31    12569    13419    13630    13485    13198
 2 32    12935    13419    13630    13485    13198
 2 33    13314    13419    13630    13485    13198
 2 34    13698    13419    13630    13485    13198
 2 35    13873    13419    13630    13485    13198
 2 36    14248    13419    13630    13485    13198
 2 37    14908    13419    13630    13485    13198
 2 38    15093    13419    13630    13485    13198
 2 39    14879    13419    13630    13485    13198
 2 40    14628    13419    13630    13485    13198
 2 41    14234    13419    13630    13485    13198
 2 42    13958    13419    13630    13485    13198
 2 43    13766    13419    13630    13485    13198
 2 44    13390    13419    13630    13485    13198
 2 45    12850    12210    12252    12143    11893
 2 46    12390    12210    12252    12143    11893
 2 47    11630    12210    12252    12143    11893
 2 48    11167    12210    12252    12143    11893
--------------------------------------------------
DEMANDA PREVISTA DO SUBSISTEMA  3
--------------------------------------------------
SS MH  CARGA 1  CARGA 2  CARGA 3  CARGA 4  CARGA 5
--------------------------------------------------
 3  1    10799    10488    10524    10443    10466
 3  2    10677    10488    10524    10443    10466
 3  3    10527    10488    10524    10443    10466
 3  4    10440    10488    10524    10443    10466
 3  5    10338    10488    10524    10443    10466
 3  6    10258    10488    10524    10443    10466
 3  7    10223    10488    10524    10443    10466
 3  8    10189    10488    10524    10443    10466
 3  9    10176    10488    10524    10443    10466
 3 10    10130    10488    10524    10443    10466
 3 11    10148    10488    10524    10443    10466
 3 12     9902    10488    10524    10443    10466
 3 13     9690    10488    10524    10443    10466
 3 14     9670    10488    10524    10443    10466
 3 15     9793    10255    10199    10252    10298
 3 16     9986    10255    10199    10252    10298
 3 17    10108    10255    10199    10252    10298
 3 18    10166    10255    10199    10252    10298
 3 19    10141    10255    10199    10252    10298
 3 20    10166    10255    10199    10252    10298
 3 21    10239    11215    11188    11178    11160
 3 22    10243    11215    11188    11178    11160
 3 23    10259    11215    11188    11178    11160
 3 24    10275    11215    11188    11178    11160
 3 25    10168    11215    11188    11178    11160
 3 26    10192    11215    11188    11178    11160
 3 27    10418    11215    11188    11178    11160
 3 28    10736    11215    11188    11178    11160
 3 29    11007    11215    11188    11178    11160
 3 30    11205    11215    11188    11178    11160
 3 31    11398    11215    11188    11178    11160
 3 32    11559    11215    11188    11178    11160
 3 33    11710    11215    11188    11178    11160
 3 34    11761    11215    11188    11178    11160
 3 35    11628    11215    11188    11178    11160
 3 36    12000    11215    11188    11178    11160
 3 37    12215    11215    11188    11178    11160
 3 38    12208    11215    11188    11178    11160
 3 39    12087    11215    11188    11178    11160
 3 40    11975    11215    11188    11178    11160
 3 41    11833    11215    11188    11178    11160
 3 42    11853    11215    11188    11178    11160
 3 43    12133    11215    11188    11178    11160
 3 44    12291    11215    11188    11178    11160
 3 45    12234    11852    11836    11790    11830
 3 46    12125    11852    11836    11790    11830
 3 47    11949    11852    11836    11790    11830
 3 48    11767    11852    11836    11790    11830
--------------------------------------------------
DEMANDA PREVISTA DO SUBSISTEMA  4
--------------------------------------------------
SS MH  CARGA 1  CARGA 2  CARGA 3  CARGA 4  CARGA 5
--------------------------------------------------
 4  1     6661     6298     6288     6316     6433
 4  2     6589     6298     6288     6316     6433
 4  3     6537     6298     6288     6316     6433
 4  4     6479     6298     6288     6316     6433
 4  5     6394     6298     6288     6316     6433
 4  6     6300     6298     6288     6316     6433
 4  7     6273     6298     6288     6316     6433
 4  8     6212     6298     6288     6316     6433
 4  9     6175     6298     6288     6316     6433
 4 10     6124     6298     6288     6316     6433
 4 11     6104     6298     6288     6316     6433
 4 12     6071     6298     6288     6316     6433
 4 13     5924     6298     6288     6316     6433
 4 14     5749     6298     6288     6316     6433
 4 15     5697     5901     5883     5878     5973
 4 16     5747     5901     5883     5878     5973
 4 17     5865     5901     5883     5878     5973
 4 18     5955     5901     5883     5878     5973
 4 19     5971     5901     5883     5878     5973
 4 20     5990     5901     5883     5878     5973
 4 21     5998     6338     6430     6546     6533
 4 22     5973     6338     6430     6546     6533
 4 23     5972     6338     6430     6546     6533
 4 24     5960     6338     6430     6546     6533
 4 25     5916     6338     6430     6546     6533
 4 26     5957     6338     6430     6546     6533
 4 27     6069     6338     6430     6546     6533
 4 28     6265     6338     6430     6546     6533
 4 29     6450     6338     6430     6546     6533
 4 30     6594     6338     6430     6546     6533
 4 31     6639     6338     6430     6546     6533
 4 32     6659     6338     6430     6546     6533
 4 33     6644     6338     6430     6546     6533
 4 34     6614     6338     6430     6546     6533
 4 35     6497     6338     6430     6546     6533
 4 36     6404     6338     6430     6546     6533
 4 37     6290     6338     6430     6546     6533
 4 38     6418     6338     6430     6546     6533
 4 39     6538     6338     6430     6546     6533
 4 40     6597     6338     6430     6546     6533
 4 41     6630     6338     6430     6546     6533
 4 42     6686     6338     6430     6546     6533
 4 43     6760     6338     6430     6546     6533
 4 44     6864     6338     6430     6546     6533
 4 45     6938     6858     6936     7051     6978
 4 46     6921     6858     6936     7051     6978
 4 47     6889     6858     6936     7051     6978
 4 48     6879     6858     6936     7051     6978
--------------------------------------------------
TEMPO :   0.000 (SEG)
