CARGAS ESPECIAIS:  1
----------------------------------------------------
NDE PAT CARGA D1 CARGA D2 CARGA D3 CARGA D4 CARGA D5
----------------------------------------------------
  1   1     1238     1165     1148     1220     1270
  1   2     1232     1165     1148     1220     1270
  1   3     1223     1165     1148     1220     1270
  1   4     1212     1165     1148     1220     1270
  1   5     1194     1165     1148     1220     1270
  1   6     1176     1165     1148     1220     1270
  1   7     1163     1165     1148     1220     1270
  1   8     1149     1165     1148     1220     1270
  1   9     1135     1165     1148     1220     1270
  1  10     1122     1165     1148     1220     1270
  1  11     1109     1165     1148     1220     1270
  1  12     1094     1165     1148     1220     1270
  1  13     1074     1165     1148     1220     1270
  1  14     1045     1165     1148     1220     1270
  1  15     1002     1043     1034     1082     1120
  1  16     1000     1043     1034     1082     1120
  1  17     1024     1043     1034     1082     1120
  1  18     1064     1043     1034     1082     1120
  1  19     1100     1043     1034     1082     1120
  1  20     1119     1043     1034     1082     1120
  1  21     1126     1179     1279     1341     1339
  1  22     1137     1179     1279     1341     1339
  1  23     1152     1179     1279     1341     1339
  1  24     1159     1179     1279     1341     1339
  1  25     1154     1179     1279     1341     1339
  1  26     1156     1179     1279     1341     1339
  1  27     1167     1179     1279     1341     1339
  1  28     1201     1179     1279     1341     1339
  1  29     1259     1179     1279     1341     1339
  1  30     1297     1179     1279     1341     1339
  1  31     1318     1179     1279     1341     1339
  1  32     1323     1179     1279     1341     1339
  1  33     1315     1179     1279     1341     1339
  1  34     1306     1179     1279     1341     1339
  1  35     1287     1179     1279     1341     1339
  1  36     1238     1179     1279     1341     1339
  1  37     1167     1179     1279     1341     1339
  1  38     1155     1179     1279     1341     1339
  1  39     1192     1179     1279     1341     1339
  1  40     1234     1179     1279     1341     1339
  1  41     1262     1179     1279     1341     1339
  1  42     1287     1179     1279     1341     1339
  1  43     1304     1179     1279     1341     1339
  1  44     1319     1179     1279     1341     1339
  1  45     1329     1263     1362     1421     1420
  1  46     1340     1263     1362     1421     1420
  1  47     1344     1263     1362     1421     1420
  1  48     1347     1263     1362     1421     1420
----------------------------------------------------
CARGAS ESPECIAIS:  2
----------------------------------------------------
NDE PAT CARGA D1 CARGA D2 CARGA D3 CARGA D4 CARGA D5
----------------------------------------------------
  2   1      250      240      227      231      237
  2   2      247      240      227      231      237
  2   3      245      240      227      231      237
  2   4      242      240      227      231      237
  2   5      238      240      227      231      237
  2   6      235      240      227      231      237
  2   7      231      240      227      231      237
  2   8      228      240      227      231      237
  2   9      226      240      227      231      237
  2  10      224      240      227      231      237
  2  11      222      240      227      231      237
  2  12      219      240      227      231      237
  2  13      213      240      227      231      237
  2  14      202      240      227      231      237
  2  15      194      201      199      203      207
  2  16      190      201      199      203      207
  2  17      196      201      199      203      207
  2  18      201      201      199      203      207
  2  19      205      201      199      203      207
  2  20      207      201      199      203      207
  2  21      207      212      227      237      233
  2  22      207      212      227      237      233
  2  23      209      212      227      237      233
  2  24      212      212      227      237      233
  2  25      212      212      227      237      233
  2  26      216      212      227      237      233
  2  27      224      212      227      237      233
  2  28      234      212      227      237      233
  2  29      246      212      227      237      233
  2  30      255      212      227      237      233
  2  31      256      212      227      237      233
  2  32      253      212      227      237      233
  2  33      249      212      227      237      233
  2  34      243      212      227      237      233
  2  35      230      212      227      237      233
  2  36      223      212      227      237      233
  2  37      218      212      227      237      233
  2  38      225      212      227      237      233
  2  39      234      212      227      237      233
  2  40      240      212      227      237      233
  2  41      242      212      227      237      233
  2  42      245      212      227      237      233
  2  43      248      212      227      237      233
  2  44      251      212      227      237      233
  2  45      253      246      253      264      251
  2  46      256      246      253      264      251
  2  47      258      246      253      264      251
  2  48      259      246      253      264      251
----------------------------------------------------
CARGAS ESPECIAIS:  3
----------------------------------------------------
NDE PAT CARGA D1 CARGA D2 CARGA D3 CARGA D4 CARGA D5
----------------------------------------------------
  3   1    17460    16786    16812    16759    16899
  3   2    17266    16786    16812    16759    16899
  3   3    17064    16786    16812    16759    16899
  3   4    16918    16786    16812    16759    16899
  3   5    16732    16786    16812    16759    16899
  3   6    16559    16786    16812    16759    16899
  3   7    16495    16786    16812    16759    16899
  3   8    16401    16786    16812    16759    16899
  3   9    16351    16786    16812    16759    16899
  3  10    16254    16786    16812    16759    16899
  3  11    16252    16786    16812    16759    16899
  3  12    15973    16786    16812    16759    16899
  3  13    15614    16786    16812    16759    16899
  3  14    15420    16786    16812    16759    16899
  3  15    15491    16156    16082    16130    16272
  3  16    15733    16156    16082    16130    16272
  3  17    15973    16156    16082    16130    16272
  3  18    16121    16156    16082    16130    16272
  3  19    16112    16156    16082    16130    16272
  3  20    16156    16156    16082    16130    16272
  3  21    16237    17553    17617    17723    17693
  3  22    16216    17553    17617    17723    17693
  3  23    16232    17553    17617    17723    17693
  3  24    16234    17553    17617    17723    17693
  3  25    16084    17553    17617    17723    17693
  3  26    16149    17553    17617    17723    17693
  3  27    16487    17553    17617    17723    17693
  3  28    17001    17553    17617    17723    17693
  3  29    17457    17553    17617    17723    17693
  3  30    17799    17553    17617    17723    17693
  3  31    18038    17553    17617    17723    17693
  3  32    18218    17553    17617    17723    17693
  3  33    18353    17553    17617    17723    17693
  3  34    18376    17553    17617    17723    17693
  3  35    18125    17553    17617    17723    17693
  3  36    18404    17553    17617    17723    17693
  3  37    18505    17553    17617    17723    17693
  3  38    18626    17553    17617    17723    17693
  3  39    18625    17553    17617    17723    17693
  3  40    18572    17553    17617    17723    17693
  3  41    18463    17553    17617    17723    17693
  3  42    18539    17553    17617    17723    17693
  3  43    18893    17553    17617    17723    17693
  3  44    19155    17553    17617    17723    17693
  3  45    19172    18710    18772    18840    18808
  3  46    19047    18710    18772    18840    18808
  3  47    18838    18710    18772    18840    18808
  3  48    18646    18710    18772    18840    18808
----------------------------------------------------
CARGAS ESPECIAIS:  4
----------------------------------------------------
NDE PAT CARGA D1 CARGA D2 CARGA D3 CARGA D4 CARGA D5
----------------------------------------------------
  4   1     6661     6298     6288     6316     6433
  4   2     6589     6298     6288     6316     6433
  4   3     6537     6298     6288     6316     6433
  4   4     6479     6298     6288     6316     6433
  4   5     6394     6298     6288     6316     6433
  4   6     6300     6298     6288     6316     6433
  4   7     6273     6298     6288     6316     6433
  4   8     6212     6298     6288     6316     6433
  4   9     6175     6298     6288     6316     6433
  4  10     6124     6298     6288     6316     6433
  4  11     6104     6298     6288     6316     6433
  4  12     6071     6298     6288     6316     6433
  4  13     5924     6298     6288     6316     6433
  4  14     5749     6298     6288     6316     6433
  4  15     5697     5901     5883     5878     5973
  4  16     5747     5901     5883     5878     5973
  4  17     5865     5901     5883     5878     5973
  4  18     5955     5901     5883     5878     5973
  4  19     5971     5901     5883     5878     5973
  4  20     5990     5901     5883     5878     5973
  4  21     5998     6338     6430     6546     6533
  4  22     5973     6338     6430     6546     6533
  4  23     5972     6338     6430     6546     6533
  4  24     5960     6338     6430     6546     6533
  4  25     5916     6338     6430     6546     6533
  4  26     5957     6338     6430     6546     6533
  4  27     6069     6338     6430     6546     6533
  4  28     6265     6338     6430     6546     6533
  4  29     6450     6338     6430     6546     6533
  4  30     6594     6338     6430     6546     6533
  4  31     6639     6338     6430     6546     6533
  4  32     6659     6338     6430     6546     6533
  4  33     6644     6338     6430     6546     6533
  4  34     6614     6338     6430     6546     6533
  4  35     6497     6338     6430     6546     6533
  4  36     6404     6338     6430     6546     6533
  4  37     6290     6338     6430     6546     6533
  4  38     6418     6338     6430     6546     6533
  4  39     6538     6338     6430     6546     6533
  4  40     6597     6338     6430     6546     6533
  4  41     6630     6338     6430     6546     6533
  4  42     6686     6338     6430     6546     6533
  4  43     6760     6338     6430     6546     6533
  4  44     6864     6338     6430     6546     6533
  4  45     6938     6858     6936     7051     6978
  4  46     6921     6858     6936     7051     6978
  4  47     6889     6858     6936     7051     6978
  4  48     6879     6858     6936     7051     6978
----------------------------------------------------
CARGAS ESPECIAIS:  5
----------------------------------------------------
NDE PAT CARGA D1 CARGA D2 CARGA D3 CARGA D4 CARGA D5
----------------------------------------------------
  5   1     1532     1532     1532     1532     1532
  5   2     1532     1532     1532     1532     1532
  5   3     1532     1532     1532     1532     1532
  5   4     1532     1532     1532     1532     1532
  5   5     1532     1532     1532     1532     1532
  5   6     1532     1532     1532     1532     1532
  5   7     1532     1532     1532     1532     1532
  5   8     1532     1532     1532     1532     1532
  5   9     1532     1532     1532     1532     1532
  5  10     1532     1532     1532     1532     1532
  5  11     1532     1532     1532     1532     1532
  5  12     1532     1532     1532     1532     1532
  5  13     1532     1532     1532     1532     1532
  5  14     1532     1532     1532     1532     1532
  5  15     1931     1931     1931     1931     1931
  5  16     1931     1931     1931     1931     1931
  5  17     1931     1931     1931     1931     1931
  5  18     1931     1931     1931     1931     1931
  5  19     1931     1931     1931     1931     1931
  5  20     1931     1931     1931     1931     1931
  5  21     1977     1977     1977     1977     1977
  5  22     1977     1977     1977     1977     1977
  5  23     1977     1977     1977     1977     1977
  5  24     1977     1977     1977     1977     1977
  5  25     1977     1977     1977     1977     1977
  5  26     1977     1977     1977     1977     1977
  5  27     1977     1977     1977     1977     1977
  5  28     1977     1977     1977     1977     1977
  5  29     1977     1977     1977     1977     1977
  5  30     1977     1977     1977     1977     1977
  5  31     1977     1977     1977     1977     1977
  5  32     1977     1977     1977     1977     1977
  5  33     1977     1977     1977     1977     1977
  5  34     1977     1977     1977     1977     1977
  5  35     1977     1977     1977     1977     1977
  5  36     1977     1977     1977     1977     1977
  5  37     1977     1977     1977     1977     1977
  5  38     1977     1977     1977     1977     1977
  5  39     1977     1977     1977     1977     1977
  5  40     1977     1977     1977     1977     1977
  5  41     1977     1977     1977     1977     1977
  5  42     1977     1977     1977     1977     1977
  5  43     1977     1977     1977     1977     1977
  5  44     1977     1977     1977     1977     1977
  5  45     1931     1931     1931     1931     1931
  5  46     1931     1931     1931     1931     1931
  5  47     1931     1931     1931     1931     1931
  5  48     1931     1931     1931     1931     1931
----------------------------------------------------
CARGAS ESPECIAIS:  6
----------------------------------------------------
NDE PAT CARGA D1 CARGA D2 CARGA D3 CARGA D4 CARGA D5
----------------------------------------------------
  6   1      700        0        0        0        0
  6   2        0        0        0        0        0
  6   3        0        0        0        0        0
  6   4        0        0        0        0        0
  6   5        0        0        0        0        0
  6   6        0        0        0        0        0
  6   7        0        0        0        0        0
  6   8        0        0        0        0        0
  6   9        0        0        0        0        0
  6  10        0        0        0        0        0
  6  11        0        0        0        0        0
  6  12        0        0        0        0        0
  6  13        0        0        0        0        0
  6  14        0        0        0        0        0
  6  15        0        0        0        0        0
  6  16        0        0        0        0        0
  6  17        0        0        0        0        0
  6  18        0        0        0        0        0
  6  19        0        0        0        0        0
  6  20        0        0        0        0        0
  6  21        0        0        0        0        0
  6  22        0        0        0        0        0
  6  23        0        0        0        0        0
  6  24        0        0        0        0        0
  6  25        0        0        0        0        0
  6  26        0        0        0        0        0
  6  27        0        0        0        0        0
  6  28        0        0        0        0        0
  6  29        0        0        0        0        0
  6  30        0        0        0        0        0
  6  31        0        0        0        0        0
  6  32        0        0        0        0        0
  6  33        0        0        0        0        0
  6  34        0        0        0        0        0
  6  35        0        0        0        0        0
  6  36        0        0        0        0        0
  6  37        0        0        0        0        0
  6  38        0        0        0        0        0
  6  39        0        0        0        0        0
  6  40        0        0        0        0        0
  6  41        0        0        0        0        0
  6  42        0        0        0        0        0
  6  43        0        0        0        0        0
  6  44        0        0        0        0        0
  6  45        0        0        0        0        0
  6  46        0        0        0        0        0
  6  47        0        0        0        0        0
  6  48        0        0        0        0        0
----------------------------------------------------
CARGAS ESPECIAIS:  7
----------------------------------------------------
NDE PAT CARGA D1 CARGA D2 CARGA D3 CARGA D4 CARGA D5
----------------------------------------------------
  7   1        0       18       18       18       18
  7   2        0       18       18       18       18
  7   3        0       18       18       18       18
  7   4        0       18       18       18       18
  7   5        0       18       18       18       18
  7   6        0       18       18       18       18
  7   7        0       18       18       18       18
  7   8        0       18       18       18       18
  7   9        0       18       18       18       18
  7  10        0       18       18       18       18
  7  11        0       18       18       18       18
  7  12        0       18       18       18       18
  7  13        0       18       18       18       18
  7  14        0       18       18       18       18
  7  15       18       18       18       18       18
  7  16       18       18       18       18       18
  7  17       18       18       18       18       18
  7  18       18       18       18       18       18
  7  19       18       18       18       18       18
  7  20       18       18       18       18       18
  7  21       19       19       19       19       19
  7  22       19       19       19       19       19
  7  23       19       19       19       19       19
  7  24       19       19       19       19       19
  7  25       19       19       19       19       19
  7  26       19       19       19       19       19
  7  27       19       19       19       19       19
  7  28       19       19       19       19       19
  7  29       19       19       19       19       19
  7  30       19       19       19       19       19
  7  31       19       19       19       19       19
  7  32       19       19       19       19       19
  7  33       19       19       19       19       19
  7  34       19       19       19       19       19
  7  35       19       19       19       19       19
  7  36       19       19       19       19       19
  7  37       19       19       19       19       19
  7  38       19       19       19       19       19
  7  39       19       19       19       19       19
  7  40       19       19       19       19       19
  7  41       19       19       19       19       19
  7  42       19       19       19       19       19
  7  43       19       19       19       19       19
  7  44       19       19       19       19       19
  7  45       18       18       18       18       18
  7  46       18       18       18       18       18
  7  47       18       18       18       18       18
  7  48       18       18       18       18       18
----------------------------------------------------
CARGAS ESPECIAIS:  8
----------------------------------------------------
NDE PAT CARGA D1 CARGA D2 CARGA D3 CARGA D4 CARGA D5
----------------------------------------------------
  8   1     2849     2984     3022     2956     2882
  8   2     2721     2984     3022     2956     2882
  8   3     2622     2984     3022     2956     2882
  8   4     2554     2984     3022     2956     2882
  8   5     2495     2984     3022     2956     2882
  8   6     2468     2984     3022     2956     2882
  8   7     2444     2984     3022     2956     2882
  8   8     2434     2984     3022     2956     2882
  8   9     2459     2984     3022     2956     2882
  8  10     2512     2984     3022     2956     2882
  8  11     2593     2984     3022     2956     2882
  8  12     2734     2984     3022     2956     2882
  8  13     3030     2984     3022     2956     2882
  8  14     3315     2984     3022     2956     2882
  8  15     3667     4193     4165     4144     4104
  8  16     3903     4193     4165     4144     4104
  8  17     4086     4193     4165     4144     4104
  8  18     4136     4193     4165     4144     4104
  8  19     4076     4193     4165     4144     4104
  8  20     4022     4193     4165     4144     4104
  8  21     4003     4498     4419     4425     4283
  8  22     3963     4498     4419     4425     4283
  8  23     3956     4498     4419     4425     4283
  8  24     3722     4498     4419     4425     4283
  8  25     3450     4498     4419     4425     4283
  8  26     3339     4498     4419     4425     4283
  8  27     3489     4498     4419     4425     4283
  8  28     3661     4498     4419     4425     4283
  8  29     3756     4498     4419     4425     4283
  8  30     3831     4498     4419     4425     4283
  8  31     3920     4498     4419     4425     4283
  8  32     4039     4498     4419     4425     4283
  8  33     4192     4498     4419     4425     4283
  8  34     4389     4498     4419     4425     4283
  8  35     4483     4498     4419     4425     4283
  8  36     4621     4498     4419     4425     4283
  8  37     4951     4498     4419     4425     4283
  8  38     5073     4498     4419     4425     4283
  8  39     5039     4498     4419     4425     4283
  8  40     4990     4498     4419     4425     4283
  8  41     4847     4498     4419     4425     4283
  8  42     4752     4498     4419     4425     4283
  8  43     4644     4498     4419     4425     4283
  8  44     4459     4498     4419     4425     4283
  8  45     4225     3986     3882     3842     3892
  8  46     4045     3986     3882     3842     3892
  8  47     3774     3986     3882     3842     3892
  8  48     3604     3986     3882     3842     3892
----------------------------------------------------
TEMPO :   0.016 (SEG)
