GERACOES DAS PEQUENAS USINAS: SUBSISTEMA  1
-----------------------------------------------------------------------------------------------------------------------------------------------------------
SS MH EOLIC HIDRA SOLAR TERMI 11111 EOLIC HIDRA SOLAR TERMI 22222 EOLIC HIDRA SOLAR TERMI 33333 EOLIC HIDRA SOLAR TERMI 44444 EOLIC HIDRA SOLAR TERMI 55555
-----------------------------------------------------------------------------------------------------------------------------------------------------------
 1  1     0     0     0     0     0    12  1476     0  3775  5263    12  1476     0  3775  5263    12  1476     0  3775  5263    12  1476     0  3775  5263
 1  2     0     0     0     0     0    12  1465     0  3772  5249    12  1465     0  3772  5249    12  1465     0  3772  5249    12  1465     0  3772  5249
 1  3     0     0     0     0     0    12  1453     0  3777  5242    12  1453     0  3777  5242    12  1453     0  3777  5242    12  1453     0  3777  5242
 1  4     0     0     0     0     0    11  1449     0  3780  5240    11  1449     0  3780  5240    11  1449     0  3780  5240    11  1449     0  3780  5240
 1  5     0     0     0     0     0    11  1449     0  3786  5246    11  1449     0  3786  5246    11  1449     0  3786  5246    11  1449     0  3786  5246
 1  6     0     0     0     0     0    11  1449     0  3793  5253    11  1449     0  3793  5253    11  1449     0  3793  5253    11  1449     0  3793  5253
 1  7     0     0     0     0     0    11  1448     0  3796  5255    11  1448     0  3796  5255    11  1448     0  3796  5255    11  1448     0  3796  5255
 1  8     0     0     0     0     0    10  1448     0  3797  5255    10  1448     0  3797  5255    10  1448     0  3797  5255    10  1448     0  3797  5255
 1  9     0     0     0     0     0    10  1449     0  3798  5257    10  1449     0  3798  5257    10  1449     0  3798  5257    10  1449     0  3798  5257
 1 10     0     0     0     0     0    10  1449     0  3799  5258    10  1449     0  3799  5258    10  1449     0  3799  5258    10  1449     0  3799  5258
 1 11     0     0     0     0     0    10  1449     0  3800  5259    10  1449     0  3800  5259    10  1449     0  3800  5259    10  1449     0  3800  5259
 1 12     0     0     0     0     0    10  1449     2  3792  5253    10  1449     2  3792  5253    10  1449     2  3792  5253    10  1449     2  3792  5253
 1 13     0     0     0     0     0     9  1449    10  3790  5258     9  1449    10  3790  5258     9  1449    10  3790  5258     9  1449    10  3790  5258
 1 14     0     0     0     0     0    10  1453    41  3775  5279    10  1453    41  3775  5279    10  1453    41  3775  5279    10  1453    41  3775  5279
 1 15     0     0     0     0     0    10  1464   205  3766  5445    10  1464   205  3766  5445    10  1464   205  3766  5445    10  1464   205  3766  5445
 1 16     0     0     0     0     0    10  1471   441  3747  5669    10  1471   441  3747  5669    10  1471   441  3747  5669    10  1471   441  3747  5669
 1 17     0     0     0     0     0    11  1476   658  3721  5866    11  1476   658  3721  5866    11  1476   658  3721  5866    11  1476   658  3721  5866
 1 18     0     0     0     0     0    11  1479   787  3702  5979    11  1479   787  3702  5979    11  1479   787  3702  5979    11  1479   787  3702  5979
 1 19     0     0     0     0     0    10  1479   866  3691  6046    10  1479   866  3691  6046    10  1479   866  3691  6046    10  1479   866  3691  6046
 1 20     0     0     0     0     0    10  1481   909  3686  6086    10  1481   909  3686  6086    10  1481   909  3686  6086    10  1481   909  3686  6086
 1 21     0     0     0     0     0    10  1481   929  3681  6101    10  1481   929  3681  6101    10  1481   929  3681  6101    10  1481   929  3681  6101
 1 22     0     0     0     0     0    10  1484   940  3682  6116    10  1484   940  3682  6116    10  1484   940  3682  6116    10  1484   940  3682  6116
 1 23     0     0     0     0     0    10  1486   950  3678  6124    10  1486   950  3678  6124    10  1486   950  3678  6124    10  1486   950  3678  6124
 1 24     0     0     0     0     0    10  1481   955  3668  6114    10  1481   955  3668  6114    10  1481   955  3668  6114    10  1481   955  3668  6114
 1 25     0     0     0     0     0    10  1479   958  3659  6106    10  1479   958  3659  6106    10  1479   958  3659  6106    10  1479   958  3659  6106
 1 26     0     0     0     0     0    10  1487   957  3656  6110    10  1487   957  3656  6110    10  1487   957  3656  6110    10  1487   957  3656  6110
 1 27     0     0     0     0     0    10  1495   951  3647  6103    10  1495   951  3647  6103    10  1495   951  3647  6103    10  1495   951  3647  6103
 1 28     0     0     0     0     0    10  1495   942  3646  6093    10  1495   942  3646  6093    10  1495   942  3646  6093    10  1495   942  3646  6093
 1 29     0     0     0     0     0    11  1497   928  3635  6071    11  1497   928  3635  6071    11  1497   928  3635  6071    11  1497   928  3635  6071
 1 30     0     0     0     0     0    11  1510   906  3630  6057    11  1510   906  3630  6057    11  1510   906  3630  6057    11  1510   906  3630  6057
 1 31     0     0     0     0     0    11  1527   865  3627  6030    11  1527   865  3627  6030    11  1527   865  3627  6030    11  1527   865  3627  6030
 1 32     0     0     0     0     0    11  1535   783  3629  5958    11  1535   783  3629  5958    11  1535   783  3629  5958    11  1535   783  3629  5958
 1 33     0     0     0     0     0    11  1558   625  3633  5827    11  1558   625  3633  5827    11  1558   625  3633  5827    11  1558   625  3633  5827
 1 34     0     0     0     0     0    11  1585   404  3640  5640    11  1585   404  3640  5640    11  1585   404  3640  5640    11  1585   404  3640  5640
 1 35     0     0     0     0     0    11  1613   147  3651  5422    11  1613   147  3651  5422    11  1613   147  3651  5422    11  1613   147  3651  5422
 1 36     0     0     0     0     0    11  1627    22  3658  5318    11  1627    22  3658  5318    11  1627    22  3658  5318    11  1627    22  3658  5318
 1 37     0     0     0     0     0    11  1639     3  3671  5324    11  1639     3  3671  5324    11  1639     3  3671  5324    11  1639     3  3671  5324
 1 38     0     0     0     0     0    12  1638     0  3673  5323    12  1638     0  3673  5323    12  1638     0  3673  5323    12  1638     0  3673  5323
 1 39     0     0     0     0     0    12  1630     0  3679  5321    12  1630     0  3679  5321    12  1630     0  3679  5321    12  1630     0  3679  5321
 1 40     0     0     0     0     0    12  1627     0  3686  5325    12  1627     0  3686  5325    12  1627     0  3686  5325    12  1627     0  3686  5325
 1 41     0     0     0     0     0    12  1624     0  3696  5332    12  1624     0  3696  5332    12  1624     0  3696  5332    12  1624     0  3696  5332
 1 42     0     0     0     0     0    12  1616     0  3704  5332    12  1616     0  3704  5332    12  1616     0  3704  5332    12  1616     0  3704  5332
 1 43     0     0     0     0     0    13  1598     0  3716  5327    13  1598     0  3716  5327    13  1598     0  3716  5327    13  1598     0  3716  5327
 1 44     0     0     0     0     0    13  1574     0  3728  5315    13  1574     0  3728  5315    13  1574     0  3728  5315    13  1574     0  3728  5315
 1 45     0     0     0     0     0    12  1547     0  3745  5304    12  1547     0  3745  5304    12  1547     0  3745  5304    12  1547     0  3745  5304
 1 46     0     0     0     0     0    12  1531     0  3750  5293    12  1531     0  3750  5293    12  1531     0  3750  5293    12  1531     0  3750  5293
 1 47     0     0     0     0     0    12  1510     0  3759  5281    12  1510     0  3759  5281    12  1510     0  3759  5281    12  1510     0  3759  5281
 1 48     0     0     0     0     0    12  1489     0  3770  5271    12  1489     0  3770  5271    12  1489     0  3770  5271    12  1489     0  3770  5271
-----------------------------------------------------------------------------------------------------------------------------------------------------------
GERACOES DAS PEQUENAS USINAS: SUBSISTEMA  2
-----------------------------------------------------------------------------------------------------------------------------------------------------------
SS MH EOLIC HIDRA SOLAR TERMI 11111 EOLIC HIDRA SOLAR TERMI 22222 EOLIC HIDRA SOLAR TERMI 33333 EOLIC HIDRA SOLAR TERMI 44444 EOLIC HIDRA SOLAR TERMI 55555
-----------------------------------------------------------------------------------------------------------------------------------------------------------
 2  1     0     0     0     0     0   251   995     0   253  1499   751   995     0   253  1999   940   995     0   253  2188   594   995     0   253  1842
 2  2     0     0     0     0     0   247   986     0   256  1489   690   986     0   256  1932   991   986     0   256  2233   558   986     0   256  1800
 2  3     0     0     0     0     0   243   981     0   253  1477   644   981     0   253  1878  1043   981     0   253  2277   523   981     0   253  1757
 2  4     0     0     0     0     0   248   979     0   253  1480   611   979     0   253  1843  1081   979     0   253  2313   497   979     0   253  1729
 2  5     0     0     0     0     0   258   978     0   255  1491   605   978     0   255  1838  1118   978     0   255  2351   474   978     0   255  1707
 2  6     0     0     0     0     0   263   978     0   254  1495   606   978     0   254  1838  1150   978     0   254  2382   452   978     0   254  1684
 2  7     0     0     0     0     0   270   978     0   255  1503   606   978     0   255  1839  1176   978     0   255  2409   435   978     0   255  1668
 2  8     0     0     0     0     0   269   978     0   259  1506   610   978     0   259  1847  1190   978     0   259  2427   410   978     0   259  1647
 2  9     0     0     0     0     0   261   978     0   260  1499   591   978     0   260  1829  1181   978     0   260  2419   392   978     0   260  1630
 2 10     0     0     0     0     0   255   978     0   256  1489   569   978     0   256  1803  1163   978     0   256  2397   369   978     0   256  1603
 2 11     0     0     0     0     0   265   979     0   251  1495   548   979     0   251  1778  1123   979     0   251  2353   350   979     0   251  1580
 2 12     0     0     0     0     0   271   979     0   250  1500   523   979     0   250  1752  1096   979     0   250  2325   336   979     0   250  1565
 2 13     0     0     0     0     0   279   978     0   253  1510   512   978     0   253  1743  1082   978     0   253  2313   321   978     0   253  1552
 2 14     0     0     0     0     0   289   981     0   258  1528   505   981     0   258  1744  1092   981     0   258  2331   315   981     0   258  1554
 2 15     0     0     0     0     0   291   985     0   254  1530   491   985     0   254  1730  1096   985     0   254  2335   310   985     0   254  1549
 2 16     0     0     0     0     0   284   992     0   247  1523   477   992     0   247  1716  1101   992     0   247  2340   305   992     0   247  1544
 2 17     0     0     0     0     0   270   998     0   252  1520   460   998     0   252  1710  1079   998     0   252  2329   290   998     0   252  1540
 2 18     0     0     0     0     0   265  1004     0   252  1521   421  1004     0   252  1677  1044  1004     0   252  2300   268  1004     0   252  1524
 2 19     0     0     0     0     0   267  1004     0   249  1520   383  1004     0   249  1636  1025  1004     0   249  2278   239  1004     0   249  1492
 2 20     0     0     0     0     0   280  1004     0   248  1532   348  1004     0   248  1600  1030  1004     0   248  2282   229  1004     0   248  1481
 2 21     0     0     0     0     0   296  1005     0   252  1553   325  1005     0   252  1582  1046  1005     0   252  2303   219  1005     0   252  1476
 2 22     0     0     0     0     0   310  1005     0   256  1571   306  1005     0   256  1567  1066  1005     0   256  2327   222  1005     0   256  1483
 2 23     0     0     0     0     0   320  1005     0   256  1581   297  1005     0   256  1558  1081  1005     0   256  2342   224  1005     0   256  1485
 2 24     0     0     0     0     0   328  1004     0   255  1587   309  1004     0   255  1568  1105  1004     0   255  2364   226  1004     0   255  1485
 2 25     0     0     0     0     0   335  1004     0   251  1590   315  1004     0   251  1570  1132  1004     0   251  2387   229  1004     0   251  1484
 2 26     0     0     0     0     0   354  1008     0   257  1619   328  1008     0   257  1593  1142  1008     0   257  2407   221  1008     0   257  1486
 2 27     0     0     0     0     0   373  1012     0   255  1640   339  1012     0   255  1606  1133  1012     0   255  2400   219  1012     0   255  1486
 2 28     0     0     0     0     0   395  1013     0   255  1663   345  1013     0   255  1613  1094  1013     0   255  2362   209  1013     0   255  1477
 2 29     0     0     0     0     0   424  1018     0   255  1697   371  1018     0   255  1644  1032  1018     0   255  2305   205  1018     0   255  1478
 2 30     0     0     0     0     0   448  1025     0   253  1726   388  1025     0   253  1666   968  1025     0   253  2246   202  1025     0   253  1480
 2 31     0     0     0     0     0   460  1037     0   260  1757   416  1037     0   260  1713   922  1037     0   260  2219   205  1037     0   260  1502
 2 32     0     0     0     0     0   464  1046     0   264  1774   437  1046     0   264  1747   892  1046     0   264  2202   204  1046     0   264  1514
 2 33     0     0     0     0     0   469  1058     0   262  1789   455  1058     0   262  1775   885  1058     0   262  2205   204  1058     0   262  1524
 2 34     0     0     0     0     0   478  1069     0   266  1813   476  1069     0   266  1811   894  1069     0   266  2229   210  1069     0   266  1545
 2 35     0     0     0     0     0   500  1087     0   267  1854   514  1087     0   267  1868   886  1087     0   267  2240   219  1087     0   267  1573
 2 36     0     0     0     0     0   555  1106     0   267  1928   559  1106     0   267  1932   859  1106     0   267  2232   231  1106     0   267  1604
 2 37     0     0     0     0     0   641  1111     0   262  2014   604  1111     0   262  1977   818  1111     0   262  2191   244  1111     0   262  1617
 2 38     0     0     0     0     0   718  1111     0   261  2090   637  1111     0   261  2009   774  1111     0   261  2146   256  1111     0   261  1628
 2 39     0     0     0     0     0   779  1107     0   262  2148   674  1107     0   262  2043   738  1107     0   262  2107   272  1107     0   262  1641
 2 40     0     0     0     0     0   797  1107     0   262  2166   694  1107     0   262  2063   703  1107     0   262  2072   278  1107     0   262  1647
 2 41     0     0     0     0     0   801  1106     0   258  2165   698  1106     0   258  2062   666  1106     0   258  2030   291  1106     0   258  1655
 2 42     0     0     0     0     0   790  1088     0   258  2136   698  1088     0   258  2044   640  1088     0   258  1986   301  1088     0   258  1647
 2 43     0     0     0     0     0   775  1078     0   258  2111   707  1078     0   258  2043   610  1078     0   258  1946   315  1078     0   258  1651
 2 44     0     0     0     0     0   764  1064     0   255  2083   731  1064     0   255  2050   601  1064     0   255  1920   325  1064     0   255  1644
 2 45     0     0     0     0     0   759  1056     0   257  2072   761  1056     0   257  2074   593  1056     0   257  1906   331  1056     0   257  1644
 2 46     0     0     0     0     0   754  1039     0   257  2050   803  1039     0   257  2099   589  1039     0   257  1885   339  1039     0   257  1635
 2 47     0     0     0     0     0   745  1025     0   257  2027   840  1025     0   257  2122   594  1025     0   257  1876   343  1025     0   257  1625
 2 48     0     0     0     0     0   737  1012     0   254  2003   896  1012     0   254  2162   602  1012     0   254  1868   346  1012     0   254  1612
-----------------------------------------------------------------------------------------------------------------------------------------------------------
GERACOES DAS PEQUENAS USINAS: SUBSISTEMA  3
-----------------------------------------------------------------------------------------------------------------------------------------------------------
SS MH EOLIC HIDRA SOLAR TERMI 11111 EOLIC HIDRA SOLAR TERMI 22222 EOLIC HIDRA SOLAR TERMI 33333 EOLIC HIDRA SOLAR TERMI 44444 EOLIC HIDRA SOLAR TERMI 55555
-----------------------------------------------------------------------------------------------------------------------------------------------------------
 3  1     0     0     0     0     0 11860   106     0   346 12312 10474   106     0   346 10926 11316   106     0   346 11768 11928   106     0   346 12380
 3  2     0     0     0     0     0 11741   106     0   346 12193 10407   106     0   346 10859 11368   106     0   346 11820 11888   106     0   346 12340
 3  3     0     0     0     0     0 11623   105     0   347 12075 10351   105     0   347 10803 11393   105     0   347 11845 11827   105     0   347 12279
 3  4     0     0     0     0     0 11480   105     0   350 11935 10298   105     0   350 10753 11412   105     0   350 11867 11750   105     0   350 12205
 3  5     0     0     0     0     0 11310   105     0   351 11766 10274   105     0   351 10730 11413   105     0   351 11869 11645   105     0   351 12101
 3  6     0     0     0     0     0 11132   105     0   352 11589 10246   105     0   352 10703 11378   105     0   352 11835 11529   105     0   352 11986
 3  7     0     0     0     0     0 10961   104     0   352 11417 10203   104     0   352 10659 11341   104     0   352 11797 11376   104     0   352 11832
 3  8     0     0     0     0     0 10823   105     0   353 11281 10158   105     0   353 10616 11325   105     0   353 11783 11199   105     0   353 11657
 3  9     0     0     0     0     0 10744   105     0   354 11203 10124   105     0   354 10583 11335   105     0   354 11794 11033   105     0   354 11492
 3 10     0     0     0     0     0 10721   105     0   356 11182 10101   105     0   356 10562 11348   105     0   356 11809 10871   105     0   356 11332
 3 11     0     0     0     0     0 10713   105     0   356 11174 10089   105     0   356 10550 11328   105     0   356 11789 10702   105     0   356 11163
 3 12     0     0     0     0     0 10665   105     9   355 11134  9993   105     9   355 10462 11219   105     9   355 11688 10433   105     9   355 10902
 3 13     0     0     0     0     0 10549   105   123   355 11132  9800   105   123   355 10383 11006   105   123   355 11589 10035   105   123   355 10618
 3 14     0     0     0     0     0 10383   105   632   355 11475  9544   105   632   355 10636 10753   105   632   355 11845  9608   105   632   355 10700
 3 15     0     0     0     0     0 10275   106  1422   355 12158  9328   106  1422   355 11211 10519   106  1422   355 12402  9265   106  1422   355 11148
 3 16     0     0     0     0     0 10288   106  2171   354 12919  9242   106  2171   354 11873 10434   106  2171   354 13065  9090   106  2171   354 11721
 3 17     0     0     0     0     0 10466   106  2547   354 13473  9305   106  2547   354 12312 10467   106  2547   354 13474  9105   106  2547   354 12112
 3 18     0     0     0     0     0 10659   106  2701   353 13819  9413   106  2701   353 12573 10546   106  2701   353 13706  9161   106  2701   353 12321
 3 19     0     0     0     0     0 10731   106  2771   353 13961  9442   106  2771   353 12672 10490   106  2771   353 13720  9071   106  2771   353 12301
 3 20     0     0     0     0     0 10626   106  2824   351 13907  9311   106  2824   351 12592 10248   106  2824   351 13529  8794   106  2824   351 12075
 3 21     0     0     0     0     0 10351   106  2856   351 13664  9025   106  2856   351 12338  9787   106  2856   351 13100  8290   106  2856   351 11603
 3 22     0     0     0     0     0 10010   106  2878   348 13342  8672   106  2878   348 12004  9219   106  2878   348 12551  7708   106  2878   348 11040
 3 23     0     0     0     0     0  9643   106  2883   347 12979  8270   106  2883   347 11606  8592   106  2883   347 11928  7144   106  2883   347 10480
 3 24     0     0     0     0     0  9251   106  2884   344 12585  7898   106  2884   344 11232  8021   106  2884   344 11355  6674   106  2884   344 10008
 3 25     0     0     0     0     0  8876   106  2873   343 12198  7525   106  2873   343 10847  7568   106  2873   343 10890  6312   106  2873   343  9634
 3 26     0     0     0     0     0  8533   106  2859   341 11839  7200   106  2859   341 10506  7265   106  2859   341 10571  6112   106  2859   341  9418
 3 27     0     0     0     0     0  8203   109  2840   339 11491  6934   109  2840   339 10222  7083   109  2840   339 10371  6043   109  2840   339  9331
 3 28     0     0     0     0     0  7940   109  2809   337 11195  6724   109  2809   337  9979  6984   109  2809   337 10239  6098   109  2809   337  9353
 3 29     0     0     0     0     0  7732   110  2758   336 10936  6595   110  2758   336  9799  6918   110  2758   336 10122  6266   110  2758   336  9470
 3 30     0     0     0     0     0  7567   112  2700   332 10711  6548   112  2700   332  9692  6915   112  2700   332 10059  6526   112  2700   332  9670
 3 31     0     0     0     0     0  7421   112  2585   331 10449  6588   112  2585   331  9616  6970   112  2585   331  9998  6761   112  2585   331  9789
 3 32     0     0     0     0     0  7296   112  2349   329 10086  6650   112  2349   329  9440  7096   112  2349   329  9886  6902   112  2349   329  9692
 3 33     0     0     0     0     0  7161   114  1920   328  9523  6686   114  1920   328  9048  7250   114  1920   328  9612  6988   114  1920   328  9350
 3 34     0     0     0     0     0  7078   115  1207   329  8729  6716   115  1207   329  8367  7440   115  1207   329  9091  7080   115  1207   329  8731
 3 35     0     0     0     0     0  7113   118   382   331  7944  6822   118   382   331  7653  7726   118   382   331  8557  7281   118   382   331  8112
 3 36     0     0     0     0     0  7346   119    26   332  7823  7082   119    26   332  7559  8146   119    26   332  8623  7660   119    26   332  8137
 3 37     0     0     0     0     0  7770   120     0   333  8223  7548   120     0   333  8001  8741   120     0   333  9194  8162   120     0   333  8615
 3 38     0     0     0     0     0  8333   120     0   332  8785  8159   120     0   332  8611  9431   120     0   332  9883  8759   120     0   332  9211
 3 39     0     0     0     0     0  8937   119     0   332  9388  8837   119     0   332  9288 10154   119     0   332 10605  9388   119     0   332  9839
 3 40     0     0     0     0     0  9539   119     0   333  9991  9500   119     0   333  9952 10830   119     0   333 11282  9983   119     0   333 10435
 3 41     0     0     0     0     0 10108   119     0   334 10561 10111   119     0   334 10564 11404   119     0   334 11857 10506   119     0   334 10959
 3 42     0     0     0     0     0 10565   118     0   335 11018 10619   118     0   335 11072 11849   118     0   335 12302 10944   118     0   335 11397
 3 43     0     0     0     0     0 10826   116     0   336 11278 10980   116     0   336 11432 12139   116     0   336 12591 11223   116     0   336 11675
 3 44     0     0     0     0     0 10902   115     0   339 11356 11185   115     0   339 11639 12284   115     0   339 12738 11353   115     0   339 11807
 3 45     0     0     0     0     0 10887   113     0   340 11340 11300   113     0   340 11753 12335   113     0   340 12788 11366   113     0   340 11819
 3 46     0     0     0     0     0 10832   112     0   341 11285 11379   112     0   341 11832 12329   112     0   341 12782 11321   112     0   341 11774
 3 47     0     0     0     0     0 10705   112     0   342 11159 11395   112     0   342 11849 12252   112     0   342 12706 11207   112     0   342 11661
 3 48     0     0     0     0     0 10543   108     0   342 10993 11367   108     0   342 11817 12118   108     0   342 12568 11039   108     0   342 11489
-----------------------------------------------------------------------------------------------------------------------------------------------------------
GERACOES DAS PEQUENAS USINAS: SUBSISTEMA  4
-----------------------------------------------------------------------------------------------------------------------------------------------------------
SS MH EOLIC HIDRA SOLAR TERMI 11111 EOLIC HIDRA SOLAR TERMI 22222 EOLIC HIDRA SOLAR TERMI 33333 EOLIC HIDRA SOLAR TERMI 44444 EOLIC HIDRA SOLAR TERMI 55555
-----------------------------------------------------------------------------------------------------------------------------------------------------------
 4  1     0     0     0     0     0   301    49     0   259   609   320    49     0   259   628   221    49     0   259   529   159    49     0   259   467
 4  2     0     0     0     0     0   300    48     0   259   607   316    48     0   259   623   215    48     0   259   522   163    48     0   259   470
 4  3     0     0     0     0     0   294    47     0   261   602   311    47     0   261   619   201    47     0   261   509   168    47     0   261   476
 4  4     0     0     0     0     0   285    46     0   261   592   306    46     0   261   613   190    46     0   261   497   166    46     0   261   473
 4  5     0     0     0     0     0   268    46     0   261   575   300    46     0   261   607   174    46     0   261   481   163    46     0   261   470
 4  6     0     0     0     0     0   251    46     0   261   558   294    46     0   261   601   158    46     0   261   465   157    46     0   261   464
 4  7     0     0     0     0     0   235    46     0   261   542   285    46     0   261   592   142    46     0   261   449   152    46     0   261   459
 4  8     0     0     0     0     0   220    46     0   261   527   273    46     0   261   580   131    46     0   261   438   151    46     0   261   458
 4  9     0     0     0     0     0   204    46     0   261   511   257    46     0   261   564   116    46     0   261   423   147    46     0   261   454
 4 10     0     0     0     0     0   185    46     0   261   492   242    46     0   261   549   106    46     0   261   413   147    46     0   261   454
 4 11     0     0     0     0     0   173    46     0   261   480   226    46     0   261   533   100    46     0   261   407   137    46     0   261   444
 4 12     0     0     0     0     0   157    46     0   261   464   215    46     0   261   522    93    46     0   261   400   135    46     0   261   442
 4 13     0     0     0     0     0   142    46     0   259   447   206    46     0   259   511    90    46     0   259   395   135    46     0   259   440
 4 14     0     0     0     0     0   131    47     1   259   438   209    47     1   259   516    94    47     1   259   401   142    47     1   259   449
 4 15     0     0     0     0     0   121    48     2   258   429   231    48     2   258   539   106    48     2   258   414   162    48     2   258   470
 4 16     0     0     0     0     0   126    49     3   257   435   266    49     3   257   575   125    49     3   257   434   184    49     3   257   493
 4 17     0     0     0     0     0   132    49     3   255   439   300    49     3   255   607   142    49     3   255   449   193    49     3   255   500
 4 18     0     0     0     0     0   137    49     3   254   443   304    49     3   254   610   151    49     3   254   457   179    49     3   254   485
 4 19     0     0     0     0     0   132    49     3   253   437   278    49     3   253   583   147    49     3   253   452   158    49     3   253   463
 4 20     0     0     0     0     0   121    49     3   253   426   235    49     3   253   540   132    49     3   253   437   142    49     3   253   447
 4 21     0     0     0     0     0   116    49     4   253   422   209    49     4   253   515   126    49     4   253   432   141    49     4   253   447
 4 22     0     0     0     0     0   116    49     4   253   422   209    49     4   253   515   126    49     4   253   432   143    49     4   253   449
 4 23     0     0     0     0     0   120    49     4   253   426   221    49     4   253   527   132    49     4   253   438   142    49     4   253   448
 4 24     0     0     0     0     0   131    49     4   253   437   228    49     4   253   534   137    49     4   253   443   137    49     4   253   443
 4 25     0     0     0     0     0   142    49     4   252   447   231    49     4   252   536   142    49     4   252   447   132    49     4   252   437
 4 26     0     0     0     0     0   157    49     3   252   461   235    49     3   252   539   147    49     3   252   451   132    49     3   252   436
 4 27     0     0     0     0     0   166    51     3   251   471   242    51     3   251   547   152    51     3   251   457   137    51     3   251   442
 4 28     0     0     0     0     0   169    51     3   251   474   242    51     3   251   547   153    51     3   251   458   143    51     3   251   448
 4 29     0     0     0     0     0   169    51     3   251   474   235    51     3   251   540   152    51     3   251   457   147    51     3   251   452
 4 30     0     0     0     0     0   174    51     3   251   479   225    51     3   251   530   147    51     3   251   452   152    51     3   251   457
 4 31     0     0     0     0     0   185    51     3   251   490   225    51     3   251   530   147    51     3   251   452   159    51     3   251   464
 4 32     0     0     0     0     0   204    51     2   251   508   235    51     2   251   539   147    51     2   251   451   168    51     2   251   472
 4 33     0     0     0     0     0   220    51     2   252   525   247    51     2   252   552   143    51     2   252   448   174    51     2   252   479
 4 34     0     0     0     0     0   226    53     1   253   533   252    53     1   253   559   137    53     1   253   444   173    53     1   253   480
 4 35     0     0     0     0     0   225    54     0   253   532   247    54     0   253   554   132    54     0   253   439   169    54     0   253   476
 4 36     0     0     0     0     0   221    54     0   254   529   235    54     0   254   543   128    54     0   254   436   166    54     0   254   474
 4 37     0     0     0     0     0   225    56     0   254   535   226    56     0   254   536   128    56     0   254   438   162    56     0   254   472
 4 38     0     0     0     0     0   236    56     0   255   547   225    56     0   255   536   132    56     0   255   443   163    56     0   255   474
 4 39     0     0     0     0     0   253    56     0   255   564   235    56     0   255   546   142    56     0   255   453   178    56     0   255   489
 4 40     0     0     0     0     0   278    56     0   255   589   247    56     0   255   558   158    56     0   255   469   200    56     0   255   511
 4 41     0     0     0     0     0   300    54     0   256   610   262    54     0   256   572   178    54     0   256   488   221    54     0   256   531
 4 42     0     0     0     0     0   320    54     0   256   630   269    54     0   256   579   194    54     0   256   504   231    54     0   256   541
 4 43     0     0     0     0     0   331    53     0   257   641   273    53     0   257   583   204    53     0   257   514   232    53     0   257   542
 4 44     0     0     0     0     0   335    53     0   257   645   269    53     0   257   579   205    53     0   257   515   237    53     0   257   547
 4 45     0     0     0     0     0   335    51     0   258   644   263    51     0   258   572   201    51     0   258   510   247    51     0   258   556
 4 46     0     0     0     0     0   331    51     0   259   641   252    51     0   259   562   194    51     0   259   504   252    51     0   259   562
 4 47     0     0     0     0     0   325    51     0   259   635   232    51     0   259   542   185    51     0   259   495   253    51     0   259   563
 4 48     0     0     0     0     0   316    49     0   259   624   209    49     0   259   517   173    49     0   259   481   252    49     0   259   560
-----------------------------------------------------------------------------------------------------------------------------------------------------------
TEMPO :   0.047 (SEG)
